0.300322955967473 -0.1446279130391861 0.0 0.0 0.0
0.3503767819620518 -0.16873256521238378 0.0 0.0 0.0
0.40043060795663066 -0.1928372173855815 0.0 0.0 0.0
0.4504844339512095 -0.21694186955877917 0.0 0.0 0.0
0.0 -0.0 0.0 0.0 0.0
0.05555555555555555 -1.3607186657192813e-17 0.0 0.0 0.0
0.1111111111111111 -2.7214373314385625e-17 0.0 0.0 0.0
0.16666666666666666 -4.082155997157844e-17 0.0 0.0 0.0
0.2222222222222222 -5.442874662877125e-17 0.0 0.0 0.0
0.2777777777777778 -6.803593328596407e-17 0.0 0.0 0.0
0.3333333333333333 -8.164311994315688e-17 0.0 0.0 0.0
0.38888888888888884 -9.525030660034968e-17 0.0 0.0 0.0
0.4444444444444444 -1.088574932575425e-16 0.0 0.0 0.0
0.5 -1.2246467991473532e-16 0.0 0.0 0.0
0.0 0.0 1.0 0.0 0.0
0.300322955967473 -0.1446279130391861 1.0 6.3826159536313e-05 -3.795534417716998e-05
0.3503767819620518 -0.16873256521238378 1.0 7.329059755562419e-05 -3.2018270900340196e-05
0.40043060795663066 -0.1928372173855815 1.0 8.583310910888258e-05 -3.206281295412815e-05
0.4504844339512095 -0.21694186955877917 1.0 0.00011226395743158634 -7.513191328425174e-05
0.0 -0.0 1.0 0.0 0.0
0.05555555555555555 -1.3607186657192813e-17 1.0 0.00011211042237710455 -2.242952025563872e-07
0.1111111111111111 -2.7214373314385625e-17 1.0 0.00011110182459485569 -2.409679352045316e-07
0.16666666666666666 -4.082155997157844e-17 1.0 9.962357043956777e-05 2.289603419735447e-07
0.2222222222222222 -5.442874662877125e-17 1.0 9.153213851180546e-05 8.097946546253487e-07
0.2777777777777778 -6.803593328596407e-17 1.0 9.48114547441883e-05 7.230214658236712e-07
0.3333333333333333 -8.164311994315688e-17 1.0 0.00012116469054116777 1.9187180002701976e-06
0.38888888888888884 -9.525030660034968e-17 1.0 0.00019380179046884363 8.831803303366673e-06
0.4444444444444444 -1.088574932575425e-16 1.0 0.00033805109855058893 1.2950663925555415e-05
0.5 -1.2246467991473532e-16 1.0 0.0005986228703306676 -7.795082511156786e-06
0.0 0.05 2.0 7.667548289509748e-06 0.017670778519857277
0.300322955967473 -0.09462791303918609 2.0 0.014592257770202144 -0.006257980226367454
0.3503767819620518 -0.11873256521238378 2.0 0.01726509011870485 -0.007035408072973692
0.40043060795663066 -0.14283721738558147 2.0 0.02566071889096878 -0.007695299279170473
0.4504844339512095 -0.16694186955877915 2.0 0.05126094855595276 -0.008869956768974624
0.0 0.05 2.0 7.667548289509748e-06 0.017670778519857277
0.05555555555555555 0.04999999999999999 2.0 0.015903320114407062 0.01166924176015709
0.1111111111111111 0.049999999999999975 2.0 0.020378000478572366 0.007312259479265376
0.16666666666666666 0.04999999999999996 2.0 0.025897171724756658 0.005294382535772346
0.2222222222222222 0.04999999999999995 2.0 0.022590040266857483 0.004047168798499467
0.2777777777777778 0.04999999999999993 2.0 0.013933816863136177 0.0032122907656684675
0.3333333333333333 0.04999999999999992 2.0 0.009324451477754805 0.0029540754408758116
0.38888888888888884 0.049999999999999906 2.0 0.02752272446958466 0.003697860739268264
0.4444444444444444 0.04999999999999989 2.0 0.0686008702688177 0.0038123665367560925
0.5 0.04999999999999988 2.0 0.07462064275196272 0.0027639402085938456
0.0 0.0 3.0 0.0 0.0
0.1501614779837365 -0.07231395651959305 3.0 0.00016585258508179705 -0.007670228382957701
0.1751883909810259 -0.08436628260619189 3.0 -2.472244459541563e-05 -0.0078879677408233
0.20021530397831533 -0.09641860869279074 3.0 -0.00016276506078648461 -0.0082978233739148
0.22524221697560476 -0.10847093477938959 3.0 -0.0002914908327006913 -0.008996081614541289
0.0 0.0 3.0 0.0 0.0
0.027777777777777776 -6.803593328596406e-18 3.0 0.001322940869068159 0.00033094888486063823
0.05555555555555555 -1.3607186657192813e-17 3.0 0.001235339161340593 0.00032997271104150903
0.08333333333333333 -2.041077998578922e-17 3.0 0.0010779847026710385 0.00036276679374770313
0.1111111111111111 -2.7214373314385625e-17 3.0 0.000811481166093473 0.0004170651769492724
0.1388888888888889 -3.4017966642982035e-17 3.0 0.0005344280015112733 0.0004666763424351761
0.16666666666666666 -4.082155997157844e-17 3.0 0.00035005497801206796 0.0005104911340625704
0.19444444444444442 -4.762515330017484e-17 3.0 0.0002763559431261909 0.0004980643580190762
0.2222222222222222 -5.442874662877125e-17 3.0 0.00023386627307570018 0.0003945405572639246
0.25 -6.123233995736766e-17 3.0 0.00015942761261972713 0.0002550376598220453
0.0 0.05 4.0 0.0019365084325104693 0.015688230528592702
0.300322955967473 -0.09462791303918609 4.0 0.006907350112827823 -0.00489485966665744
0.3503767819620518 -0.11873256521238378 4.0 0.006594547493083244 -0.006894305476515979
0.40043060795663066 -0.14283721738558147 4.0 0.006407548333052537 -0.009913301044989484
0.4504844339512095 -0.16694186955877915 4.0 0.006606451200588666 -0.028547098918812026
0.0 0.05 4.0 0.0019365084325104693 0.015688230528592702
0.05555555555555555 0.04999999999999999 4.0 0.005682513141512928 0.01086671829026737
0.1111111111111111 0.049999999999999975 4.0 0.006607787247817746 0.007483521282173675
0.16666666666666666 0.04999999999999996 4.0 0.005542352153326193 0.006102576725175813
0.2222222222222222 0.04999999999999995 4.0 0.003024830099188809 0.004854453035267707
0.2777777777777778 0.04999999999999993 4.0 0.002535269085172577 0.003783904246220311
0.3333333333333333 0.04999999999999992 4.0 0.0032714041928605738 0.003936565739466477
0.38888888888888884 0.049999999999999906 4.0 0.004815411313193719 0.006146834468423458
0.4444444444444444 0.04999999999999989 4.0 0.001910300396495737 0.009189476931452424
0.5 0.04999999999999988 4.0 0.02664059496370687 0.028014124193291846
0.0 0.0 5.0 0.0 0.0
0.300322955967473 -0.1446279130391861 5.0 -0.00661487040310264 0.007956251892320578
0.3503767819620518 -0.16873256521238378 5.0 0.014619046574923857 -0.04439701151822602
0.40043060795663066 -0.1928372173855815 5.0 0.09023542403360547 -0.19788123114346318
0.4504844339512095 -0.21694186955877917 5.0 0.21483604817129906 -0.43820165109374964
0.0 -0.0 5.0 0.0 0.0
0.05555555555555555 -1.3607186657192813e-17 5.0 0.0012703441326983524 0.012036663176257335
0.1111111111111111 -2.7214373314385625e-17 5.0 0.0008085482123805058 0.02174137363560231
0.16666666666666666 -4.082155997157844e-17 5.0 0.0001949958301333766 0.03226601088681636
0.2222222222222222 -5.442874662877125e-17 5.0 0.0038843892614647667 0.026981073744194166
0.2777777777777778 -6.803593328596407e-17 5.0 0.0011475212394677834 -0.00628948265359412
0.3333333333333333 -8.164311994315688e-17 5.0 0.0013261143623298755 -0.07472066651280594
0.38888888888888884 -9.525030660034968e-17 5.0 0.0014310518310225563 -0.15272978062571227
0.4444444444444444 -1.088574932575425e-16 5.0 0.014053263077197214 -0.18642771596526897
0.5 -1.2246467991473532e-16 5.0 0.0011524963171413646 -0.10525502408412833
0.0 0.0 6.0 0.0 0.0
0.300322955967473 -0.1446279130391861 6.0 -0.014450426270831054 0.0625231379362328
0.3503767819620518 -0.16873256521238378 6.0 0.13606438641055282 -0.1957902623460026
0.40043060795663066 -0.1928372173855815 6.0 0.26556268873814415 -0.4785839132999608
0.4504844339512095 -0.21694186955877917 6.0 0.34229417482400337 -0.6453851582427689
0.0 -0.0 6.0 0.0 0.0
0.05555555555555555 -1.3607186657192813e-17 6.0 0.0029781968788374644 0.0336243370249414
0.1111111111111111 -2.7214373314385625e-17 6.0 0.0011733727153745103 0.05308374279439926
0.16666666666666666 -4.082155997157844e-17 6.0 0.0005507052152252757 0.07348358078377051
0.2222222222222222 -5.442874662877125e-17 6.0 0.0038555831809068022 0.0728635839472866
0.2777777777777778 -6.803593328596407e-17 6.0 0.012558426529477125 0.08496407391293664
0.3333333333333333 -8.164311994315688e-17 6.0 0.008031771358796229 0.03842780239422374
0.38888888888888884 -9.525030660034968e-17 6.0 0.017486973763864107 -0.09431773853595271
0.4444444444444444 -1.088574932575425e-16 6.0 0.027921374138899495 -0.23350865169850654
0.5 -1.2246467991473532e-16 6.0 0.014828107079331042 -0.23661809237999182
0.0 0.0 7.0 0.0 0.0
0.300322955967473 -0.1446279130391861 7.0 0.08228060251157773 -0.1288996539238124
0.3503767819620518 -0.16873256521238378 7.0 0.11929637998546601 -0.2102954475477952
0.40043060795663066 -0.1928372173855815 7.0 0.2283637609359854 -0.44639631056878504
0.4504844339512095 -0.21694186955877917 7.0 0.3970318122196391 -0.7639643040936244
0.0 -0.0 7.0 0.0 -0.0
0.05555555555555555 -1.3607186657192813e-17 7.0 0.01466253384253136 -0.019399593484188033
0.1111111111111111 -2.7214373314385625e-17 7.0 0.0003491591434525776 -0.01399065377585566
0.16666666666666666 -4.082155997157844e-17 7.0 0.001486778462955218 0.014986900064597854
0.2222222222222222 -5.442874662877125e-17 7.0 0.012974404351939833 0.04794146765882703
0.2777777777777778 -6.803593328596407e-17 7.0 0.005533184773438782 -0.0012233415468749077
0.3333333333333333 -8.164311994315688e-17 7.0 0.0014441508815243628 -0.1006457444279874
0.38888888888888884 -9.525030660034968e-17 7.0 0.01287294848265961 -0.25053844822486226
0.4444444444444444 -1.088574932575425e-16 7.0 0.02553315845731649 -0.41973193742819814
0.5 -1.2246467991473532e-16 7.0 0.10229738808332975 -0.4492548299186013
0.0 0.0 8.0 0.0 0.0
0.300322955967473 -0.1446279130391861 8.0 0.10244933659172151 -0.20111497603537398
0.3503767819620518 -0.16873256521238378 8.0 0.10198484498788792 -0.20303173979066455
0.40043060795663066 -0.1928372173855815 8.0 0.09000162411705599 -0.1865030982084601
0.4504844339512095 -0.21694186955877917 8.0 0.059743006376987054 -0.12211412951559464
0.0 -0.0 8.0 0.0 0.0
0.05555555555555555 -1.3607186657192813e-17 8.0 0.004442140160618429 -0.020356975500815205
0.1111111111111111 -2.7214373314385625e-17 8.0 0.0010438008806703954 -0.0021088323005696388
0.16666666666666666 -4.082155997157844e-17 8.0 0.004746818497677174 -0.002492042468206024
0.2222222222222222 -5.442874662877125e-17 8.0 0.007737425368238468 -0.005102658107550768
0.2777777777777778 -6.803593328596407e-17 8.0 0.00028442808866839514 0.0016978147678658286
0.3333333333333333 -8.164311994315688e-17 8.0 0.001611717271108489 -0.12308977792567298
0.38888888888888884 -9.525030660034968e-17 8.0 0.02097763363015251 -0.20977209469202007
0.4444444444444444 -1.088574932575425e-16 8.0 0.019278196831544293 -0.16240246183322077
0.5 -1.2246467991473532e-16 8.0 0.017852724098338317 -0.08913175912006115
0.0 0.0 9.0 0.0 0.0
0.300322955967473 -0.1446279130391861 9.0 0.03615787608043518 -0.06825268925276896
0.3503767819620518 -0.16873256521238378 9.0 0.07311514979216474 -0.11886111294897482
0.40043060795663066 -0.1928372173855815 9.0 0.06417944232222667 -0.10473683950602691
0.4504844339512095 -0.21694186955877917 9.0 0.02205794196742155 -0.037145626377785665
0.0 -0.0 9.0 0.0 0.0
0.05555555555555555 -1.3607186657192813e-17 9.0 0.01428997740878872 0.024448966764147404
0.1111111111111111 -2.7214373314385625e-17 9.0 0.050476440650719545 0.005382480263865244
0.16666666666666666 -4.082155997157844e-17 9.0 0.03317219596797971 -0.05393540751584685
0.2222222222222222 -5.442874662877125e-17 9.0 0.0025089985292632 -0.05936372999337527
0.2777777777777778 -6.803593328596407e-17 9.0 0.004326837855329281 -0.036688989775146806
0.3333333333333333 -8.164311994315688e-17 9.0 0.0003062676654222643 -0.03410937421003737
0.38888888888888884 -9.525030660034968e-17 9.0 0.009816432597968685 -0.10034095992618573
0.4444444444444444 -1.088574932575425e-16 9.0 0.01365805931186803 -0.19655026315609236
0.5 -1.2246467991473532e-16 9.0 9.639752285448229e-05 -0.21616896582004427
0.0 0.0 10.0 0.0 0.0
0.300322955967473 -0.1446279130391861 10.0 0.03377575934123825 -0.03938757299636549
0.3503767819620518 -0.16873256521238378 10.0 0.02736152954473839 -0.028035695381281842
0.40043060795663066 -0.1928372173855815 10.0 -0.0016892577980157687 0.0026407353188214926
0.4504844339512095 -0.21694186955877917 10.0 2.538951057933815e-05 0.010821477104518591
0.0 -0.0 10.0 0.0 -0.0
0.05555555555555555 -1.3607186657192813e-17 10.0 0.005547471939241528 0.0013848361096195625
0.1111111111111111 -2.7214373314385625e-17 10.0 0.0004389813570419336 -0.0008772305824071721
0.16666666666666666 -4.082155997157844e-17 10.0 0.001505266036911498 -0.015747353440125466
0.2222222222222222 -5.442874662877125e-17 10.0 0.006864973889912362 -0.03024190585502813
0.2777777777777778 -6.803593328596407e-17 10.0 2.138725710783263e-07 -0.0713181179168961
0.3333333333333333 -8.164311994315688e-17 10.0 4.265363523323948e-05 -0.16723230569074476
0.38888888888888884 -9.525030660034968e-17 10.0 0.005387765101355154 -0.23827300493846598
0.4444444444444444 -1.088574932575425e-16 10.0 0.0020517905058523777 -0.22594338341495046
0.5 -1.2246467991473532e-16 10.0 0.010796565481303188 -0.16608818780926132
0.0 0.0 11.0 0.0 0.0
0.300322955967473 -0.1446279130391861 11.0 -0.005860638976099106 0.0275923982896674
0.3503767819620518 -0.16873256521238378 11.0 0.003057322132853691 0.01678580738774492
0.40043060795663066 -0.1928372173855815 11.0 0.013594196116563756 -0.02716428049320464
0.4504844339512095 -0.21694186955877917 11.0 0.014691890196518929 -0.025124445996039604
0.0 -0.0 11.0 0.0 0.0
0.05555555555555555 -1.3607186657192813e-17 11.0 9.20712182110494e-05 0.0018803536909604173
0.1111111111111111 -2.7214373314385625e-17 11.0 0.0052290449757915365 0.0035070316594446164
0.16666666666666666 -4.082155997157844e-17 11.0 0.011716023678169771 0.005915214278589605
0.2222222222222222 -5.442874662877125e-17 11.0 0.006041779565691155 -0.03138150021347032
0.2777777777777778 -6.803593328596407e-17 11.0 0.00013570924540612383 -0.07740738430705094
0.3333333333333333 -8.164311994315688e-17 11.0 0.004554360738565597 -0.12634199065824483
0.38888888888888884 -9.525030660034968e-17 11.0 0.0033109617960430412 -0.09830354427206384
0.4444444444444444 -1.088574932575425e-16 11.0 0.004524144332611485 -0.03900982801299727
0.5 -1.2246467991473532e-16 11.0 0.005753304023603497 -0.11481030482747345
0.0 0.0 12.0 0.0 0.0
0.300322955967473 -0.1446279130391861 12.0 -0.001379659816638545 0.013855953753220757
0.3503767819620518 -0.16873256521238378 12.0 -0.000161976382453874 0.004036048586478151
0.40043060795663066 -0.1928372173855815 12.0 0.03787931472611772 -0.06263215866043423
0.4504844339512095 -0.21694186955877917 12.0 0.0546965937228516 -0.085522604630731
0.0 -0.0 12.0 0.0 0.0
0.05555555555555555 -1.3607186657192813e-17 12.0 0.0003820612257308764 0.017913400894141295
0.1111111111111111 -2.7214373314385625e-17 12.0 7.849040827123278e-05 -0.003298332467898444
0.16666666666666666 -4.082155997157844e-17 12.0 0.001607625459217507 -0.03837707286618236
0.2222222222222222 -5.442874662877125e-17 12.0 0.023637040302565443 -0.07755035953993948
0.2777777777777778 -6.803593328596407e-17 12.0 0.023484266519459708 -0.14322832547688838
0.3333333333333333 -8.164311994315688e-17 12.0 0.004205847864954771 -0.1443217727657778
0.38888888888888884 -9.525030660034968e-17 12.0 0.00010597409226348015 -0.03272590509339439
0.4444444444444444 -1.088574932575425e-16 12.0 0.0069134525361616425 0.02401329161164268
0.5 -1.2246467991473532e-16 12.0 0.00024199355214043748 0.01183886119970024
0.0 0.0 13.0 0.0 0.0
0.300322955967473 -0.1446279130391861 13.0 0.0033217262073704647 0.002635040480129947
0.3503767819620518 -0.16873256521238378 13.0 0.024136240818695635 -0.04841614617193266
0.40043060795663066 -0.1928372173855815 13.0 0.020828050793452825 -0.03764252633120992
0.4504844339512095 -0.21694186955877917 13.0 -0.0011269756119876065 0.004178893049771491
0.0 -0.0 13.0 0.0 0.0
0.05555555555555555 -1.3607186657192813e-17 13.0 5.766737320542894e-05 -0.0036901020546315742
0.1111111111111111 -2.7214373314385625e-17 13.0 0.0006602949600301598 -0.017209707863912307
0.16666666666666666 -4.082155997157844e-17 13.0 0.00481931522260567 -0.09014008025617397
0.2222222222222222 -5.442874662877125e-17 13.0 0.02660902261123433 -0.10393131449431048
0.2777777777777778 -6.803593328596407e-17 13.0 0.041873740619370686 -0.03695389557007641
0.3333333333333333 -8.164311994315688e-17 13.0 0.021513193673510737 -0.014895746203542828
0.38888888888888884 -9.525030660034968e-17 13.0 0.0015465571705926635 -0.0380236823332978
0.4444444444444444 -1.088574932575425e-16 13.0 0.0002422736457805063 -0.029130319529109463
0.5 -1.2246467991473532e-16 13.0 0.01041059728244997 -0.0034677582844699225
0.0 0.0 14.0 0.0 0.0
0.300322955967473 -0.1446279130391861 14.0 -0.005735668657615445 0.012022479317254302
0.3503767819620518 -0.16873256521238378 14.0 -0.003978909764030645 0.013019986665443793
0.40043060795663066 -0.1928372173855815 14.0 0.008557778785610464 -0.00017898733668747242
0.4504844339512095 -0.21694186955877917 14.0 0.036101836236031956 -0.019735743045987263
0.0 -0.0 14.0 0.0 -0.0
0.05555555555555555 -1.3607186657192813e-17 14.0 2.7842349312234874e-05 0.0010798055688895974
0.1111111111111111 -2.7214373314385625e-17 14.0 0.001338090793436527 0.0014438335651563558
0.16666666666666666 -4.082155997157844e-17 14.0 0.0013495904593710984 -0.004011253506816302
0.2222222222222222 -5.442874662877125e-17 14.0 0.007115482909683274 -0.04308265550631346
0.2777777777777778 -6.803593328596407e-17 14.0 0.00936378347373649 -0.053756563302451946
0.3333333333333333 -8.164311994315688e-17 14.0 0.0015393610822021994 -0.004117389542705132
0.38888888888888884 -9.525030660034968e-17 14.0 0.00019820393471048253 0.00469142725098647
0.4444444444444444 -1.088574932575425e-16 14.0 8.424913444930093e-05 -0.008197104296655823
0.5 -1.2246467991473532e-16 14.0 0.0005648364784113298 -0.002857649126204088
0.0 0.0 15.0 0.0 0.0
0.300322955967473 -0.1446279130391861 15.0 -0.0036502714498477433 0.00975140070031783
0.3503767819620518 -0.16873256521238378 15.0 -0.017682621203117782 0.03681288350491208
0.40043060795663066 -0.1928372173855815 15.0 -0.004073077367849829 0.016679677430736395
0.4504844339512095 -0.21694186955877917 15.0 0.022164133571724073 -0.018120897809811957
0.0 -0.0 15.0 0.0 0.0
0.05555555555555555 -1.3607186657192813e-17 15.0 0.006389531595919995 -0.0003487202060062245
0.1111111111111111 -2.7214373314385625e-17 15.0 0.0030960563384708887 -0.0011835952038403575
0.16666666666666666 -4.082155997157844e-17 15.0 0.00013185246110889636 -0.0021311329125150344
0.2222222222222222 -5.442874662877125e-17 15.0 0.0008485839591727385 -0.003951049219246241
0.2777777777777778 -6.803593328596407e-17 15.0 0.006128880580234032 -0.013702219749776132
0.3333333333333333 -8.164311994315688e-17 15.0 0.001365205240034687 0.009987632044734433
0.38888888888888884 -9.525030660034968e-17 15.0 3.332030838788977e-06 0.009026530685582169
0.4444444444444444 -1.088574932575425e-16 15.0 0.002504225144657666 -0.01967847016702813
0.5 -1.2246467991473532e-16 15.0 0.005912306707862551 -0.03517803989108177
0.0 0.0 16.0 0.0 0.0
0.300322955967473 -0.1446279130391861 16.0 0.002493069401032018 -0.0016948879861302033
0.3503767819620518 -0.16873256521238378 16.0 -0.0032376040959423455 0.006688883578997284
0.40043060795663066 -0.1928372173855815 16.0 0.0019019006786111562 0.002461022320532731
0.4504844339512095 -0.21694186955877917 16.0 0.01884034300521431 -0.00916859916581469
0.0 -0.0 16.0 0.0 -0.0
0.05555555555555555 -1.3607186657192813e-17 16.0 0.01647530637913578 -0.006186058859194389
0.1111111111111111 -2.7214373314385625e-17 16.0 0.013890441945477311 0.0013476911377620034
0.16666666666666666 -4.082155997157844e-17 16.0 0.002263446596915525 0.0016209015158942608
0.2222222222222222 -5.442874662877125e-17 16.0 1.629121254469561e-05 0.0007665468144316112
0.2777777777777778 -6.803593328596407e-17 16.0 0.00029932669536070336 -0.0008409168507810852
0.3333333333333333 -8.164311994315688e-17 16.0 0.004577940087666215 -0.0001957131613718609
0.38888888888888884 -9.525030660034968e-17 16.0 0.005699617418428316 -0.01039815442073278
0.4444444444444444 -1.088574932575425e-16 16.0 1.2028899965027052e-05 -0.017700073259841503
0.5 -1.2246467991473532e-16 16.0 0.0035195821344208614 -0.012809691719954256
0.0 0.0 17.0 0.0 0.0
0.300322955967473 -0.1446279130391861 17.0 0.008372022660149763 -0.010206805048155736
0.3503767819620518 -0.16873256521238378 17.0 0.003682938987757716 -0.006835564654866757
0.40043060795663066 -0.1928372173855815 17.0 -0.0006044975600107268 0.0026855696188988762
0.4504844339512095 -0.21694186955877917 17.0 -0.0016818288692976094 0.010829007479403675
0.0 -0.0 17.0 0.0 -0.0
0.05555555555555555 -1.3607186657192813e-17 17.0 1.6005159912769594e-05 -0.006651795218501559
0.1111111111111111 -2.7214373314385625e-17 17.0 0.00019866853766318274 0.004620352443877733
0.16666666666666666 -4.082155997157844e-17 17.0 0.0023212840703269364 0.007931947217102135
0.2222222222222222 -5.442874662877125e-17 17.0 0.0015267922125462151 0.006705702708815413
0.2777777777777778 -6.803593328596407e-17 17.0 0.0003632837342693321 0.00459829093263373
0.3333333333333333 -8.164311994315688e-17 17.0 0.00010575750099343585 0.0064970851297001695
0.38888888888888884 -9.525030660034968e-17 17.0 4.382611907113386e-05 0.006295326157530893
0.4444444444444444 -1.088574932575425e-16 17.0 0.0001342996728263528 0.00026579179067720733
0.5 -1.2246467991473532e-16 17.0 0.002304692029162419 -0.0015101683937924755
0.0 0.0 18.0 0.0 0.0
0.300322955967473 -0.1446279130391861 18.0 0.007389294672531915 -0.008733041257033124
0.3503767819620518 -0.16873256521238378 18.0 0.002165306310859834 -0.002321356453536383
0.40043060795663066 -0.1928372173855815 18.0 -0.00026274857885724907 0.001128523887572962
0.4504844339512095 -0.21694186955877917 18.0 0.0011197605868228998 0.004322652998811533
0.0 -0.0 18.0 0.0 -0.0
0.05555555555555555 -1.3607186657192813e-17 18.0 0.0006407424518350178 -0.009031594021622878
0.1111111111111111 -2.7214373314385625e-17 18.0 0.0007681275021593863 0.010419192903374836
0.16666666666666666 -4.082155997157844e-17 18.0 0.0012761961715589418 0.016507430491312633
0.2222222222222222 -5.442874662877125e-17 18.0 0.0012304115051147903 0.009148916862098157
0.2777777777777778 -6.803593328596407e-17 18.0 0.005654388692369514 0.011247509330654102
0.3333333333333333 -8.164311994315688e-17 18.0 0.010273523825200834 0.01023200544351537
0.38888888888888884 -9.525030660034968e-17 18.0 0.004058856015350559 0.003240280160906125
0.4444444444444444 -1.088574932575425e-16 18.0 0.000759822202754943 -0.0007573379898360067
0.5 -1.2246467991473532e-16 18.0 0.008022389583573668 -0.004564571849324123
0.0 0.0 19.0 0.0 0.0
0.300322955967473 -0.1446279130391861 19.0 0.0037200269376852827 -0.0023358251266130054
0.3503767819620518 -0.16873256521238378 19.0 0.0022299906393858176 -0.001150530705030122
0.40043060795663066 -0.1928372173855815 19.0 0.00043644748941189715 -0.0001285824765913131
0.4504844339512095 -0.21694186955877917 19.0 0.0006466760754583337 -0.00016541998160680347
0.0 -0.0 19.0 0.0 -0.0
0.05555555555555555 -1.3607186657192813e-17 19.0 0.0013745127220990687 -0.00044781812933626755
0.1111111111111111 -2.7214373314385625e-17 19.0 8.339010406917727e-05 0.004114483076818198
0.16666666666666666 -4.082155997157844e-17 19.0 0.0014579163985557085 0.008824511709896104
0.2222222222222222 -5.442874662877125e-17 19.0 0.0020608848257833543 0.009075651274193366
0.2777777777777778 -6.803593328596407e-17 19.0 0.0007727655420329606 0.005017669475778526
0.3333333333333333 -8.164311994315688e-17 19.0 0.0013752870534440174 0.002235548561957473
0.38888888888888884 -9.525030660034968e-17 19.0 0.002092738314063481 0.0013611738819925047
0.4444444444444444 -1.088574932575425e-16 19.0 2.933682264103967e-05 -0.0010524979848746253
0.5 -1.2246467991473532e-16 19.0 0.0006509946770841178 -0.0016089307431399948
0.0 0.0 20.0 0.0 0.0
0.300322955967473 -0.1446279130391861 20.0 0.0025309825394294583 -0.0011369945280303522
0.3503767819620518 -0.16873256521238378 20.0 0.003027531556255074 -0.0036603349880088335
0.40043060795663066 -0.1928372173855815 20.0 0.0027657544613721007 -0.004674110460125221
0.4504844339512095 -0.21694186955877917 20.0 0.002104249642002964 -0.0043775809753147125
0.0 -0.0 20.0 0.0 0.0
0.05555555555555555 -1.3607186657192813e-17 20.0 0.002553876756312829 0.0025095321268126707
0.1111111111111111 -2.7214373314385625e-17 20.0 0.00017123408071361822 0.0006718538156520707
0.16666666666666666 -4.082155997157844e-17 20.0 0.005367593354795 0.0016160659986935492
0.2222222222222222 -5.442874662877125e-17 20.0 0.007922880153626398 0.0031527796061967175
0.2777777777777778 -6.803593328596407e-17 20.0 0.004486140936603421 0.00285544910680007
0.3333333333333333 -8.164311994315688e-17 20.0 0.0007449090984439806 0.0009427389171091301
0.38888888888888884 -9.525030660034968e-17 20.0 5.744760924539587e-06 7.019306264676169e-05
0.4444444444444444 -1.088574932575425e-16 20.0 0.00044749218199264114 -0.0009579066628312944
0.5 -1.2246467991473532e-16 20.0 0.002022857862815871 -0.0009665046662095812
0.0 0.0 21.0 0.0 0.0
0.300322955967473 -0.1446279130391861 21.0 0.0002172983641459869 -0.0005126709525201153
0.3503767819620518 -0.16873256521238378 21.0 0.000318580203874166 -0.0005579629876627996
0.40043060795663066 -0.1928372173855815 21.0 0.0009520782628098252 -0.0012369267632882195
0.4504844339512095 -0.21694186955877917 21.0 0.007513769913632892 -0.008008948513532553
0.0 -0.0 21.0 0.0 -0.0
0.05555555555555555 -1.3607186657192813e-17 21.0 0.001871395769927927 -0.0009435776664210618
0.1111111111111111 -2.7214373314385625e-17 21.0 0.00015463992794633504 -0.0007165910002224006
0.16666666666666666 -4.082155997157844e-17 21.0 0.004505574840538398 -0.0004787073766959421
0.2222222222222222 -5.442874662877125e-17 21.0 0.00575213310606281 -0.0030034063123637895
0.2777777777777778 -6.803593328596407e-17 21.0 0.0029456198920052245 -0.0038962157399148774
0.3333333333333333 -8.164311994315688e-17 21.0 0.0006743409433925902 -0.0011376336558158644
0.38888888888888884 -9.525030660034968e-17 21.0 1.9953190359512115e-06 0.00014185745506923182
0.4444444444444444 -1.088574932575425e-16 21.0 0.00040150930037255553 0.0003992586943262072
0.5 -1.2246467991473532e-16 21.0 0.0006934316187726608 0.0005556867121655353
0.0 0.0 22.0 0.0 0.0
0.300322955967473 -0.1446279130391861 22.0 0.0004616187001883471 4.839677285064883e-05
0.3503767819620518 -0.16873256521238378 22.0 -7.85327908965109e-05 0.0002770549384785446
0.40043060795663066 -0.1928372173855815 22.0 -0.0006386330864803453 0.001169294565805915
0.4504844339512095 -0.21694186955877917 22.0 0.0018165227788672256 -0.0015843436188526802
0.0 -0.0 22.0 0.0 -0.0
0.05555555555555555 -1.3607186657192813e-17 22.0 0.0014338578099647025 -0.002105765273110085
0.1111111111111111 -2.7214373314385625e-17 22.0 0.00023624921761291842 -0.0029684108946657784
0.16666666666666666 -4.082155997157844e-17 22.0 0.0027562428870635362 -0.005286108594411138
0.2222222222222222 -5.442874662877125e-17 22.0 0.003325026011028232 -0.005532347526509409
0.2777777777777778 -6.803593328596407e-17 22.0 0.0010047867270539048 -0.003071905770915487
0.3333333333333333 -8.164311994315688e-17 22.0 1.1127297906615663e-05 -0.0004187185498054955
0.38888888888888884 -9.525030660034968e-17 22.0 0.00038033408620768505 0.00015653490162444294
0.4444444444444444 -1.088574932575425e-16 22.0 0.0010546411090833995 -0.00014955027784554025
0.5 -1.2246467991473532e-16 22.0 0.000907771770837994 -6.897979628785577e-05
0.0 0.0 23.0 0.0 0.0
0.300322955967473 -0.1446279130391861 23.0 -0.0003175117579021964 0.0007652537356757418
0.3503767819620518 -0.16873256521238378 23.0 9.01994733693247e-05 -0.0002959215779382995
0.40043060795663066 -0.1928372173855815 23.0 0.0011780575455790688 -0.0019644558214367905
0.4504844339512095 -0.21694186955877917 23.0 0.0012196166360357397 -0.001960985208581672
0.0 -0.0 23.0 0.0 -0.0
0.05555555555555555 -1.3607186657192813e-17 23.0 1.1161779440500574e-08 0.0007282458470799186
0.1111111111111111 -2.7214373314385625e-17 23.0 0.0009682843241022261 0.002452301576138079
0.16666666666666666 -4.082155997157844e-17 23.0 0.002272059905564579 0.005235294361747199
0.2222222222222222 -5.442874662877125e-17 23.0 0.002554443366054538 0.006607361460829085
0.2777777777777778 -6.803593328596407e-17 23.0 0.0007341853113330017 0.005337234819299724
0.3333333333333333 -8.164311994315688e-17 23.0 0.00028808385781935164 0.0030675025469337164
0.38888888888888884 -9.525030660034968e-17 23.0 0.003578919644957686 0.0010541423703977482
0.4444444444444444 -1.088574932575425e-16 23.0 0.005112527423918072 -0.0006701929019315268
0.5 -1.2246467991473532e-16 23.0 0.002922168870328974 -0.00508576802095259
0.0 0.0 24.0 0.0 0.0
0.300322955967473 -0.1446279130391861 24.0 0.0006351883325809342 0.001108557272287998
0.3503767819620518 -0.16873256521238378 24.0 5.721476951395547e-05 0.0009680570782743114
0.40043060795663066 -0.1928372173855815 24.0 0.0008011152962871992 -0.0013033231858558154
0.4504844339512095 -0.21694186955877917 24.0 0.0016251407680652917 -0.00321460764432486
0.0 -0.0 24.0 0.0 -0.0
0.05555555555555555 -1.3607186657192813e-17 24.0 0.001266550877364064 -0.001072935583737395
0.1111111111111111 -2.7214373314385625e-17 24.0 0.003471289617541362 0.0003089715730453272
0.16666666666666666 -4.082155997157844e-17 24.0 0.004153812511880598 0.006759859682621872
0.2222222222222222 -5.442874662877125e-17 24.0 0.0022439439276118133 0.009654140039601512
0.2777777777777778 -6.803593328596407e-17 24.0 0.00015371052612032002 0.009102603783972672
0.3333333333333333 -8.164311994315688e-17 24.0 0.0007815300884092773 0.008254276041142575
0.38888888888888884 -9.525030660034968e-17 24.0 0.00335100103824095 0.00481791056182415
0.4444444444444444 -1.088574932575425e-16 24.0 0.004139360896043001 0.0005994326900894247
0.5 -1.2246467991473532e-16 24.0 0.001360923641031145 -0.013080844632749665
0.0 0.0 25.0 0.0 0.0
0.300322955967473 -0.1446279130391861 25.0 0.004169798932376909 -0.0007415594080964812
0.3503767819620518 -0.16873256521238378 25.0 0.002160842951829285 -0.00023594008507545582
0.40043060795663066 -0.1928372173855815 25.0 0.0008304495573599798 -0.0008152384422100978
0.4504844339512095 -0.21694186955877917 25.0 0.001335903118495364 -0.002791345226759891
0.0 -0.0 25.0 0.0 -0.0
0.05555555555555555 -1.3607186657192813e-17 25.0 0.00236242275836485 -0.0031958867058111094
0.1111111111111111 -2.7214373314385625e-17 25.0 0.0028798647606401453 -0.0034657614812006196
0.16666666666666666 -4.082155997157844e-17 25.0 0.002797424786997065 0.002449731218754758
0.2222222222222222 -5.442874662877125e-17 25.0 0.0019878976629553358 0.008038258880462454
0.2777777777777778 -6.803593328596407e-17 25.0 0.0005042739028653765 0.010400669063301277
0.3333333333333333 -8.164311994315688e-17 25.0 9.957517445805582e-06 0.0114775489369303
0.38888888888888884 -9.525030660034968e-17 25.0 0.0006278077356241434 0.008230840645723245
0.4444444444444444 -1.088574932575425e-16 25.0 0.0016586457375623164 0.0020698953250270396
0.5 -1.2246467991473532e-16 25.0 0.00139390312534295 -0.006848912438054666
0.0 0.0 26.0 0.0 0.0
0.300322955967473 -0.1446279130391861 26.0 0.004304737950135597 -0.0016160537028102333
0.3503767819620518 -0.16873256521238378 26.0 0.003561221302841945 -0.0017340272738070415
0.40043060795663066 -0.1928372173855815 26.0 0.0008761173028260098 -0.00042470372472705074
0.4504844339512095 -0.21694186955877917 26.0 0.0008785071741778664 -0.0019025902091025235
0.0 -0.0 26.0 0.0 -0.0
0.05555555555555555 -1.3607186657192813e-17 26.0 0.0026971343398834507 -0.0013252582951221858
0.1111111111111111 -2.7214373314385625e-17 26.0 0.0045114940221951776 -0.00127888897648565
0.16666666666666666 -4.082155997157844e-17 26.0 0.0038152254671402538 0.00010805395932697649
0.2222222222222222 -5.442874662877125e-17 26.0 0.0018269298025616165 0.0029343246598774056
0.2777777777777778 -6.803593328596407e-17 26.0 0.0005426879629268908 0.005660665681271968
0.3333333333333333 -8.164311994315688e-17 26.0 0.0001584959664053624 0.008000069131758287
0.38888888888888884 -9.525030660034968e-17 26.0 4.091810521624362e-08 0.007696548019266562
0.4444444444444444 -1.088574932575425e-16 26.0 0.00024434399316287096 0.00247666616468547
0.5 -1.2246467991473532e-16 26.0 0.00044838771297957497 -0.0013948381699843133
0.0 0.0 27.0 0.0 0.0
0.300322955967473 -0.1446279130391861 27.0 0.0032667177747483784 -0.0009879047169271086
0.3503767819620518 -0.16873256521238378 27.0 0.0031071383481443542 -0.0015566622687022285
0.40043060795663066 -0.1928372173855815 27.0 0.0015059834388245449 -0.0010494703891685965
0.4504844339512095 -0.21694186955877917 27.0 0.000975818620183851 -0.0017765836431648096
0.0 -0.0 27.0 0.0 -0.0
0.05555555555555555 -1.3607186657192813e-17 27.0 0.0006996355112670654 -0.002643147645790873
0.1111111111111111 -2.7214373314385625e-17 27.0 0.0027395672963715758 -0.0007836490714406475
0.16666666666666666 -4.082155997157844e-17 27.0 0.0030950473188846293 0.0008790845301214976
0.2222222222222222 -5.442874662877125e-17 27.0 0.0013937542626862674 0.002966511801591708
0.2777777777777778 -6.803593328596407e-17 27.0 0.0006808986661980815 0.004901233462561519
0.3333333333333333 -8.164311994315688e-17 27.0 0.0004312192653139615 0.0053160098765839894
0.38888888888888884 -9.525030660034968e-17 27.0 6.411052053825125e-05 0.004437388614956494
0.4444444444444444 -1.088574932575425e-16 27.0 1.2772582198733905e-05 0.0015120988798178975
0.5 -1.2246467991473532e-16 27.0 1.4509474727856245e-05 -0.0007083783191789656
0.0 0.0 28.0 0.0 0.0
0.300322955967473 -0.1446279130391861 28.0 0.002809494302432599 -0.0014878533368244806
0.3503767819620518 -0.16873256521238378 28.0 0.002584345779960265 -0.001797563289242125
0.40043060795663066 -0.1928372173855815 28.0 0.0011514944935636126 -0.0007177050830065006
0.4504844339512095 -0.21694186955877917 28.0 0.00035389182721839367 -0.00037521470990389794
0.0 -0.0 28.0 0.0 -0.0
0.05555555555555555 -1.3607186657192813e-17 28.0 0.00020213948981622152 -0.0030780166253915535
0.1111111111111111 -2.7214373314385625e-17 28.0 0.0011604091015003897 -0.001705558490357643
0.16666666666666666 -4.082155997157844e-17 28.0 0.0017640664305985175 0.001016285988368575
0.2222222222222222 -5.442874662877125e-17 28.0 0.0010657781770213137 0.0031855855096106084
0.2777777777777778 -6.803593328596407e-17 28.0 0.000412564184570099 0.0030119653840841917
0.3333333333333333 -8.164311994315688e-17 28.0 0.0002780597065166641 0.0022387608295585206
0.38888888888888884 -9.525030660034968e-17 28.0 0.0002728738817785539 0.0014940840477487864
0.4444444444444444 -1.088574932575425e-16 28.0 0.0003607177843645679 0.0006774745232402381
0.5 -1.2246467991473532e-16 28.0 0.00045667555193266464 -0.0006382623546664365
0.0 0.0 29.0 0.0 0.0
0.300322955967473 -0.1446279130391861 29.0 0.002036535979962003 -0.002620649951849851
0.3503767819620518 -0.16873256521238378 29.0 0.0013716920902655176 -0.002239488773564048
0.40043060795663066 -0.1928372173855815 29.0 0.0006502806475051924 -0.0013164425468487975
0.4504844339512095 -0.21694186955877917 29.0 0.00011033701620934074 -0.0002428321665063861
0.0 -0.0 29.0 0.0 -0.0
0.05555555555555555 -1.3607186657192813e-17 29.0 6.054477986771625e-05 -0.0010595112635554194
0.1111111111111111 -2.7214373314385625e-17 29.0 0.0004933634932232819 -0.0003569807584541423
0.16666666666666666 -4.082155997157844e-17 29.0 0.0005640734222515749 0.0002986850671836361
0.2222222222222222 -5.442874662877125e-17 29.0 0.00013427502407321401 0.0007723790961370955
0.2777777777777778 -6.803593328596407e-17 29.0 1.0322947550914651e-05 0.0008870660652608837
0.3333333333333333 -8.164311994315688e-17 29.0 1.2731644135080598e-06 0.0006844700050917044
0.38888888888888884 -9.525030660034968e-17 29.0 0.0003396343808722348 0.00044310464529553195
0.4444444444444444 -1.088574932575425e-16 29.0 0.0009435564046678417 0.00039638666978933937
0.5 -1.2246467991473532e-16 29.0 0.0005649283386534691 -0.0008658537434432466
0.0 0.0 30.0 0.0 0.0
0.300322955967473 -0.1446279130391861 30.0 0.0013325621269026473 -0.00044898541486648334
0.3503767819620518 -0.16873256521238378 30.0 0.0007663328021436579 -0.00041040992413715627
0.40043060795663066 -0.1928372173855815 30.0 0.0004107434348718834 -0.00034757648803032995
0.4504844339512095 -0.21694186955877917 30.0 0.00032234431773635173 -0.00022796264410973276
0.0 -0.0 30.0 0.0 -0.0
0.05555555555555555 -1.3607186657192813e-17 30.0 0.000957705353810323 -0.0006619213087776029
0.1111111111111111 -2.7214373314385625e-17 30.0 0.002327074568419503 -0.0003098303927228589
0.16666666666666666 -4.082155997157844e-17 30.0 0.0017378355523442624 -9.800481986832752e-06
0.2222222222222222 -5.442874662877125e-17 30.0 0.00032487367287733945 0.0002375593914597304
0.2777777777777778 -6.803593328596407e-17 30.0 1.0857798935381495e-05 0.00031462850374687165
0.3333333333333333 -8.164311994315688e-17 30.0 6.269852690084643e-05 0.000249180084626328
0.38888888888888884 -9.525030660034968e-17 30.0 4.3472589853397965e-07 0.0001871058697643976
0.4444444444444444 -1.088574932575425e-16 30.0 1.3635392002915456e-07 3.5253687534995336e-05
0.5 -1.2246467991473532e-16 30.0 0.00017321384821482596 0.00010913598295541019
0.0 0.0 31.0 0.0 0.0
0.300322955967473 -0.1446279130391861 31.0 0.0003566578471315223 0.0006357309400707905
0.3503767819620518 -0.16873256521238378 31.0 0.000219226833082529 0.000601966496117672
0.40043060795663066 -0.1928372173855815 31.0 0.0005163321627834522 7.35588902990427e-05
0.4504844339512095 -0.21694186955877917 31.0 0.0011800764877480932 -0.0007132586460497396
0.0 -0.0 31.0 0.0 -0.0
0.05555555555555555 -1.3607186657192813e-17 31.0 0.002027076746648499 -0.0011117627027377875
0.1111111111111111 -2.7214373314385625e-17 31.0 0.003730683187745695 -0.0009546710526833263
0.16666666666666666 -4.082155997157844e-17 31.0 0.002338311652667649 -0.00033587122033961766
0.2222222222222222 -5.442874662877125e-17 31.0 0.0004224249689673667 0.0005036268852612192
0.2777777777777778 -6.803593328596407e-17 31.0 7.913897344127939e-07 0.000695393576722318
0.3333333333333333 -8.164311994315688e-17 31.0 0.00014572268977466646 0.000660207777617057
0.38888888888888884 -9.525030660034968e-17 31.0 0.0002615625167917202 0.0007269181137239787
0.4444444444444444 -1.088574932575425e-16 31.0 0.0004957123981657339 0.0004395602165283263
0.5 -1.2246467991473532e-16 31.0 0.0010036131199776975 -0.00032496618443917334
0.0 0.0 32.0 0.0 0.0
0.300322955967473 -0.1446279130391861 32.0 0.00039659059645891226 0.00017096619590266414
0.3503767819620518 -0.16873256521238378 32.0 0.000443791101105564 0.00025388089315757655
0.40043060795663066 -0.1928372173855815 32.0 0.0010811489265573609 -0.0002350240211181713
0.4504844339512095 -0.21694186955877917 32.0 0.0018179640962003294 -0.0007585471559428581
0.0 -0.0 32.0 0.0 -0.0
0.05555555555555555 -1.3607186657192813e-17 32.0 0.0016459405460132282 -0.0006974468135080365
0.1111111111111111 -2.7214373314385625e-17 32.0 0.0032826881870262406 -0.0006297873755651515
0.16666666666666666 -4.082155997157844e-17 32.0 0.0028995875252875282 5.1492591283365925e-05
0.2222222222222222 -5.442874662877125e-17 32.0 0.0011424903352026648 0.0009437901413661804
0.2777777777777778 -6.803593328596407e-17 32.0 0.000162951535793152 0.0013967880846405846
0.3333333333333333 -8.164311994315688e-17 32.0 4.3554245279802725e-06 0.0014300642900631824
0.38888888888888884 -9.525030660034968e-17 32.0 9.277045105733754e-05 0.0011195272261498653
0.4444444444444444 -1.088574932575425e-16 32.0 0.00011086066703514512 0.0005952208470207864
0.5 -1.2246467991473532e-16 32.0 0.0001665482780688152 -0.0009072602164483533
0.0 0.0 33.0 0.0 0.0
0.300322955967473 -0.1446279130391861 33.0 0.0013175661706381035 -0.0014289103546261674
0.3503767819620518 -0.16873256521238378 33.0 0.0009097356221854461 -0.0008828124795142113
0.40043060795663066 -0.1928372173855815 33.0 0.0008658583681737955 -0.0005379757308440244
0.4504844339512095 -0.21694186955877917 33.0 0.0011789643013857347 -0.0005909151360575481
0.0 -0.0 33.0 0.0 -0.0
0.05555555555555555 -1.3607186657192813e-17 33.0 0.0020326665737879527 -0.0010265157700527128
0.1111111111111111 -2.7214373314385625e-17 33.0 0.004793509491573921 -0.0007651809623333109
0.16666666666666666 -4.082155997157844e-17 33.0 0.005894011257169539 0.0003070218578186643
0.2222222222222222 -5.442874662877125e-17 33.0 0.0037874319507979494 0.0011723882387767693
0.2777777777777778 -6.803593328596407e-17 33.0 0.0010381105042069213 0.0012822565870227647
0.3333333333333333 -8.164311994315688e-17 33.0 2.5173220326524933e-05 0.0008744210329843312
0.38888888888888884 -9.525030660034968e-17 33.0 8.29142905318894e-05 0.0006626979565525372
0.4444444444444444 -1.088574932575425e-16 33.0 0.00012039727406687246 0.00024516944781688405
0.5 -1.2246467991473532e-16 33.0 0.00017080424120439471 -0.0008969925267497701
0.0 0.0 34.0 0.0 0.0
0.300322955967473 -0.1446279130391861 34.0 0.000502601710444615 -0.0006687270372504021
0.3503767819620518 -0.16873256521238378 34.0 0.0003117890422940574 -0.0003118343350488823
0.40043060795663066 -0.1928372173855815 34.0 0.0004014823608372891 -0.0002453716276037744
0.4504844339512095 -0.21694186955877917 34.0 0.000467404266888495 -0.0003578435705884381
0.0 -0.0 34.0 0.0 -0.0
0.05555555555555555 -1.3607186657192813e-17 34.0 0.0019195330760087856 -0.0005777237842195923
0.1111111111111111 -2.7214373314385625e-17 34.0 0.004502211044886483 -0.00031718123605590533
0.16666666666666666 -4.082155997157844e-17 34.0 0.005575249731404199 0.0004671039714864595
0.2222222222222222 -5.442874662877125e-17 34.0 0.003511560998651783 0.0010010444719606186
0.2777777777777778 -6.803593328596407e-17 34.0 0.0009693249379866675 0.0009882849374822744
0.3333333333333333 -8.164311994315688e-17 34.0 5.9635990236104826e-05 0.0007825248132066667
0.38888888888888884 -9.525030660034968e-17 34.0 1.902370012172222e-05 0.0008548282338243561
0.4444444444444444 -1.088574932575425e-16 34.0 9.083594306203449e-05 0.0005453090799861314
0.5 -1.2246467991473532e-16 34.0 0.00017003212886075784 -0.0008942166767504442
0.0 0.0 35.0 0.0 0.0
0.300322955967473 -0.1446279130391861 35.0 0.00027133332529424517 -0.0002640761642910587
0.3503767819620518 -0.16873256521238378 35.0 0.00017035455340313522 -0.00011282591774727334
0.40043060795663066 -0.1928372173855815 35.0 0.00016002770572576649 -0.00011584988030039644
0.4504844339512095 -0.21694186955877917 35.0 6.883927339128889e-05 4.280104447242428e-05
0.0 -0.0 35.0 0.0 -0.0
0.05555555555555555 -1.3607186657192813e-17 35.0 0.0024785017611398483 -0.0009992488903688426
0.1111111111111111 -2.7214373314385625e-17 35.0 0.004841352158693971 -0.0003490786505416056
0.16666666666666666 -4.082155997157844e-17 35.0 0.005441706407165049 0.00055679174722927
0.2222222222222222 -5.442874662877125e-17 35.0 0.003556064008087638 0.0009597664026380117
0.2777777777777778 -6.803593328596407e-17 35.0 0.001138326575445012 0.000923588037627663
0.3333333333333333 -8.164311994315688e-17 35.0 0.00015591584423514153 0.0008210197561072291
0.38888888888888884 -9.525030660034968e-17 35.0 1.0677242658709645e-05 0.0011072196601675376
0.4444444444444444 -1.088574932575425e-16 35.0 3.6245393350028565e-06 0.0007169301472262773
0.5 -1.2246467991473532e-16 35.0 7.088018219672846e-05 -0.0009929191013700875
0.0 0.0 36.0 0.0 0.0
0.300322955967473 -0.1446279130391861 36.0 1.7075896294895814e-05 -3.747993046934666e-05
0.3503767819620518 -0.16873256521238378 36.0 4.351906487602308e-05 -9.143341237480164e-05
0.40043060795663066 -0.1928372173855815 36.0 3.6108797419756038e-06 -1.5547819956440367e-05
0.4504844339512095 -0.21694186955877917 36.0 -0.000161802220246211 0.0003205083444206606
0.0 -0.0 36.0 0.0 -0.0
0.05555555555555555 -1.3607186657192813e-17 36.0 0.0017886674033241808 -0.000496751145761566
0.1111111111111111 -2.7214373314385625e-17 36.0 0.003097923942875431 0.00021815496642380483
0.16666666666666666 -4.082155997157844e-17 36.0 0.0032579271610362497 0.0006135474091186591
0.2222222222222222 -5.442874662877125e-17 36.0 0.001956674497564869 0.0006172122254505052
0.2777777777777778 -6.803593328596407e-17 36.0 0.000634885766435507 0.0006260931157372858
0.3333333333333333 -8.164311994315688e-17 36.0 0.00014479065795472835 0.0006879742683533923
0.38888888888888884 -9.525030660034968e-17 36.0 3.886862852797866e-05 0.0007385354561822523
0.4444444444444444 -1.088574932575425e-16 36.0 1.0697500622133765e-07 6.1032777012201286e-05
0.5 -1.2246467991473532e-16 36.0 0.00010373815180562677 -0.0022529391640330864
0.0 0.0 37.0 0.0 0.0
0.300322955967473 -0.1446279130391861 37.0 2.4752767670134654e-05 -4.835295586890649e-05
0.3503767819620518 -0.16873256521238378 37.0 9.068652570734913e-05 -0.00019351083497794424
0.40043060795663066 -0.1928372173855815 37.0 -4.105053971766644e-05 0.00010438696514604165
0.4504844339512095 -0.21694186955877917 37.0 -7.704861058863475e-05 0.0004112658978305024
0.0 -0.0 37.0 0.0 -0.0
0.05555555555555555 -1.3607186657192813e-17 37.0 0.0013553307051288347 -0.0005875529490630567
0.1111111111111111 -2.7214373314385625e-17 37.0 0.002113965785321658 0.00010527653236187683
0.16666666666666666 -4.082155997157844e-17 37.0 0.0022204266899364003 0.0003615675125659918
0.2222222222222222 -5.442874662877125e-17 37.0 0.0015507761325668902 0.0005868563259054195
0.2777777777777778 -6.803593328596407e-17 37.0 0.0007450114473972266 0.0010170045058224457
0.3333333333333333 -8.164311994315688e-17 37.0 0.00038126628110956846 0.0010789918402722106
0.38888888888888884 -9.525030660034968e-17 37.0 0.00024712923413213627 0.0009404669677267068
0.4444444444444444 -1.088574932575425e-16 37.0 3.7527526658002624e-05 0.0005290104403288433
0.5 -1.2246467991473532e-16 37.0 9.560327758523472e-05 -0.0019138822735169272
0.0 0.0 38.0 0.0 0.0
0.300322955967473 -0.1446279130391861 38.0 -6.68831139924927e-05 0.00015170147102630153
0.3503767819620518 -0.16873256521238378 38.0 4.546308822632009e-05 -3.099750963282677e-05
0.40043060795663066 -0.1928372173855815 38.0 0.00013850631225032924 6.731644070398721e-05
0.4504844339512095 -0.21694186955877917 38.0 0.0005028838076312442 0.0004182698910821847
0.0 -0.0 38.0 0.0 -0.0
0.05555555555555555 -1.3607186657192813e-17 38.0 0.00094298056323399 -2.532650685148066e-05
0.1111111111111111 -2.7214373314385625e-17 38.0 0.0012948654436581244 0.0003066497307865147
0.16666666666666666 -4.082155997157844e-17 38.0 0.0012369845121309555 0.0003302509698042867
0.2222222222222222 -5.442874662877125e-17 38.0 0.0008789027523035106 0.0005255919864761281
0.2777777777777778 -6.803593328596407e-17 38.0 0.0005537426249620197 0.0009856819206793595
0.3333333333333333 -8.164311994315688e-17 38.0 0.00046311687564027054 0.0012127444902864054
0.38888888888888884 -9.525030660034968e-17 38.0 0.00034868757878212637 0.0012202071736629164
0.4444444444444444 -1.088574932575425e-16 38.0 4.548240926031954e-05 0.0007721451775461413
0.5 -1.2246467991473532e-16 38.0 0.0001347591448210229 -0.0016887816095862928
0.0 0.0 39.0 0.0 0.0
0.300322955967473 -0.1446279130391861 39.0 7.952560937872543e-05 0.00014062641802633808
0.3503767819620518 -0.16873256521238378 39.0 0.00020007980631745614 -0.0003195015556438726
0.40043060795663066 -0.1928372173855815 39.0 0.0002102865664925695 3.18452982947287e-05
0.4504844339512095 -0.21694186955877917 39.0 0.0015260877586533677 2.7550319261531592e-05
0.0 -0.0 39.0 0.0 -0.0
0.05555555555555555 -1.3607186657192813e-17 39.0 0.00046426861760031187 2.659731352298038e-05
0.1111111111111111 -2.7214373314385625e-17 39.0 0.00046531582188705944 1.9075798915437457e-05
0.16666666666666666 -4.082155997157844e-17 39.0 0.0003663739842379359 1.7857071357760655e-05
0.2222222222222222 -5.442874662877125e-17 39.0 0.00024386061834876497 0.00014938110301068201
0.2777777777777778 -6.803593328596407e-17 39.0 0.00019595357449503207 0.0006056376790837354
0.3333333333333333 -8.164311994315688e-17 39.0 0.00022646725556537892 0.0011163145105563261
0.38888888888888884 -9.525030660034968e-17 39.0 0.00017323427547665196 0.0012820917796102426
0.4444444444444444 -1.088574932575425e-16 39.0 1.503825708071247e-05 0.0004425480724238679
0.5 -1.2246467991473532e-16 39.0 9.286574094426487e-05 -0.0025293084046764834
0.0 0.0 40.0 0.0 0.0
0.300322955967473 -0.1446279130391861 40.0 1.0235390100353085e-05 -3.498337963782294e-05
0.3503767819620518 -0.16873256521238378 40.0 8.830097307459927e-05 -0.00020473347122339894
0.40043060795663066 -0.1928372173855815 40.0 0.00018636237906672224 9.701563074484214e-05
0.4504844339512095 -0.21694186955877917 40.0 0.0025758859229283717 -0.0013669177657680874
0.0 -0.0 40.0 0.0 -0.0
0.05555555555555555 -1.3607186657192813e-17 40.0 0.00046323044867600045 3.475340895502674e-06
0.1111111111111111 -2.7214373314385625e-17 40.0 0.00032162631117599885 1.847295406348857e-05
0.16666666666666666 -4.082155997157844e-17 40.0 0.00021295178304878143 9.88498355348074e-06
0.2222222222222222 -5.442874662877125e-17 40.0 0.00015238484156171288 0.00011475987652295561
0.2777777777777778 -6.803593328596407e-17 40.0 0.00016852269351945833 0.0005774887226987579
0.3333333333333333 -8.164311994315688e-17 40.0 0.0002197407068092019 0.0011770652788526091
0.38888888888888884 -9.525030660034968e-17 40.0 0.00017895584281385463 0.0011816466078137364
0.4444444444444444 -1.088574932575425e-16 40.0 2.0116771550264506e-05 -7.912857214933185e-05
0.5 -1.2246467991473532e-16 40.0 0.0001337582529096202 -0.0036469990972793523
0.0 0.0 41.0 0.0 0.0
0.300322955967473 -0.1446279130391861 41.0 0.00011884460269241117 -0.0002659640013158124
0.3503767819620518 -0.16873256521238378 41.0 7.143836326801207e-05 -0.00017396519918829655
0.40043060795663066 -0.1928372173855815 41.0 0.000238822079134501 -8.76782607920264e-05
0.4504844339512095 -0.21694186955877917 41.0 0.0029262893587670706 -0.0022989276741452107
0.0 -0.0 41.0 0.0 -0.0
0.05555555555555555 -1.3607186657192813e-17 41.0 0.0004300819144687591 -0.0001762144912020517
0.1111111111111111 -2.7214373314385625e-17 41.0 0.00022125529661800396 -9.351340364969693e-05
0.16666666666666666 -4.082155997157844e-17 41.0 0.0001251621299290348 -6.761564793932063e-05
0.2222222222222222 -5.442874662877125e-17 41.0 0.00010678900717868812 9.765048468089699e-06
0.2777777777777778 -6.803593328596407e-17 41.0 0.00013011890628017653 0.00038953287411036764
0.3333333333333333 -8.164311994315688e-17 41.0 0.00016247027183001478 0.000967663922504524
0.38888888888888884 -9.525030660034968e-17 41.0 9.085357840005437e-05 0.0010368303287782747
0.4444444444444444 -1.088574932575425e-16 41.0 1.0596632989417671e-07 -0.0003986207560554219
0.5 -1.2246467991473532e-16 41.0 0.00011766637065705183 -0.004044757516153808
0.0 0.0 42.0 0.0 0.0
0.300322955967473 -0.1446279130391861 42.0 0.00041270072690292566 -0.0009042418283055906
0.3503767819620518 -0.16873256521238378 42.0 0.0001440914245962722 -0.0003115668799603007
0.40043060795663066 -0.1928372173855815 42.0 0.0004459613914157126 -0.00016678143386293203
0.4504844339512095 -0.21694186955877917 42.0 0.003535731244203783 -0.003124353531256302
0.0 -0.0 42.0 0.0 -0.0
0.05555555555555555 -1.3607186657192813e-17 42.0 0.0002517290511021154 -0.00038553530136580617
0.1111111111111111 -2.7214373314385625e-17 42.0 7.202739716547891e-05 -0.0003261703184182848
0.16666666666666666 -4.082155997157844e-17 42.0 4.094507717417219e-05 -0.0004182920474843184
0.2222222222222222 -5.442874662877125e-17 42.0 8.828294286440398e-05 -0.00044121524652919415
0.2777777777777778 -6.803593328596407e-17 42.0 0.0002111645748712079 -9.820106377995832e-05
0.3333333333333333 -8.164311994315688e-17 42.0 0.0002657233276625331 0.0005683355727310092
0.38888888888888884 -9.525030660034968e-17 42.0 9.662055481024491e-05 0.000880151929293511
0.4444444444444444 -1.088574932575425e-16 42.0 2.0303080946551654e-06 -0.0003114056574479585
0.5 -1.2246467991473532e-16 42.0 0.00015152319326365967 -0.0035400910338978402
0.0 0.0 43.0 0.0 0.0
0.300322955967473 -0.1446279130391861 43.0 0.0006514557233461847 -0.0013589351944246267
0.3503767819620518 -0.16873256521238378 43.0 0.0003022308187394615 -0.0005523376152730732
0.40043060795663066 -0.1928372173855815 43.0 0.00032621617094321216 -3.624593072243961e-05
0.4504844339512095 -0.21694186955877917 43.0 0.002029756809477579 -0.0016614703363177043
0.0 -0.0 43.0 0.0 0.0
0.05555555555555555 -1.3607186657192813e-17 43.0 9.563190186103088e-05 3.0660717558295566e-05
0.1111111111111111 -2.7214373314385625e-17 43.0 9.592479291920903e-07 2.1043765930490342e-05
0.16666666666666666 -4.082155997157844e-17 43.0 1.2727655894409938e-09 -0.0002065034505182207
0.2222222222222222 -5.442874662877125e-17 43.0 3.648338068862089e-05 -0.00035560919764137815
0.2777777777777778 -6.803593328596407e-17 43.0 0.00019488222762784106 -0.00018158122976224538
0.3333333333333333 -8.164311994315688e-17 43.0 0.0002917846890700648 0.0002694911554266674
0.38888888888888884 -9.525030660034968e-17 43.0 0.00012889039458507752 0.0006393283755787412
0.4444444444444444 -1.088574932575425e-16 43.0 4.874862462835035e-06 0.00015386140078145401
0.5 -1.2246467991473532e-16 43.0 2.9788815549945322e-05 -0.0021688425746104615
0.0 0.0 44.0 0.0 0.0
0.300322955967473 -0.1446279130391861 44.0 0.0010517182366708711 -0.002185862150838131
0.3503767819620518 -0.16873256521238378 44.0 0.0007881652159047545 -0.0015897939019110247
0.40043060795663066 -0.1928372173855815 44.0 0.00035811822785025737 -0.00034127539862060293
0.4504844339512095 -0.21694186955877917 44.0 0.0007207949804360597 9.087177840403604e-05
0.0 -0.0 44.0 0.0 0.0
0.05555555555555555 -1.3607186657192813e-17 44.0 6.462795219700046e-05 0.0003338670994165373
0.1111111111111111 -2.7214373314385625e-17 44.0 4.423366189981755e-06 0.0002082749770907709
0.16666666666666666 -4.082155997157844e-17 44.0 1.186008706753566e-05 -0.00023974556417052418
0.2222222222222222 -5.442874662877125e-17 44.0 5.44789190789968e-06 -0.0006673732516310635
0.2777777777777778 -6.803593328596407e-17 44.0 9.865881429202257e-05 -0.0007795810142504537
0.3333333333333333 -8.164311994315688e-17 44.0 0.00021220042793685987 -0.0005621519976753861
0.38888888888888884 -9.525030660034968e-17 44.0 0.00016766465242005118 -5.154557401546716e-05
0.4444444444444444 -1.088574932575425e-16 44.0 5.380209662165052e-05 0.0002452007592421911
0.5 -1.2246467991473532e-16 44.0 1.224962678965739e-06 -0.0012034637860397635
0.0 0.0 45.0 0.0 0.0
0.300322955967473 -0.1446279130391861 45.0 0.0013132290564178057 -0.002668132869659819
0.3503767819620518 -0.16873256521238378 45.0 0.001082250696630589 -0.0021662021870217816
0.40043060795663066 -0.1928372173855815 45.0 0.0005249348396825611 -0.0007510102576682546
0.4504844339512095 -0.21694186955877917 45.0 0.0003496280824259593 0.0004452799833534965
0.0 -0.0 45.0 0.0 0.0
0.05555555555555555 -1.3607186657192813e-17 45.0 6.637547172514933e-05 0.0004551296188393111
0.1111111111111111 -2.7214373314385625e-17 45.0 8.437415311781192e-06 0.0001628251076739442
0.16666666666666666 -4.082155997157844e-17 45.0 4.390806689454578e-05 -0.00045030289104570106
0.2222222222222222 -5.442874662877125e-17 45.0 1.5142000933020896e-05 -0.000988603834499694
0.2777777777777778 -6.803593328596407e-17 45.0 5.9123485219073335e-06 -0.0011841140379728412
0.3333333333333333 -8.164311994315688e-17 45.0 7.669199113828881e-05 -0.00110237533621872
0.38888888888888884 -9.525030660034968e-17 45.0 0.000147111282730059 -0.0006180416406495002
0.4444444444444444 -1.088574932575425e-16 45.0 0.00013395439329537374 7.755804917691987e-05
0.5 -1.2246467991473532e-16 45.0 6.747322045427437e-05 -0.0009003743861153266
0.0 0.0 46.0 0.0 0.0
0.300322955967473 -0.1446279130391861 46.0 0.0012159715292743686 -0.0022912065692426175
0.3503767819620518 -0.16873256521238378 46.0 0.001020203217056031 -0.0017196861263920865
0.40043060795663066 -0.1928372173855815 46.0 0.0007893410468169323 -0.0007528145167054618
0.4504844339512095 -0.21694186955877917 46.0 0.0006534853524301422 0.00020634362948459964
0.0 -0.0 46.0 0.0 0.0
0.05555555555555555 -1.3607186657192813e-17 46.0 0.00010251242693427874 0.00037787368707374326
0.1111111111111111 -2.7214373314385625e-17 46.0 3.750653936498306e-06 -5.139680024463894e-05
0.16666666666666666 -4.082155997157844e-17 46.0 6.941236770736866e-05 -0.0007115350903300907
0.2222222222222222 -5.442874662877125e-17 46.0 8.238377151335769e-05 -0.0012332339985279166
0.2777777777777778 -6.803593328596407e-17 46.0 2.4920675599133873e-05 -0.0013581767791451956
0.3333333333333333 -8.164311994315688e-17 46.0 3.5920354895961007e-06 -0.0011158539942057696
0.38888888888888884 -9.525030660034968e-17 46.0 8.131909853937684e-05 -0.0004240446250702037
0.4444444444444444 -1.088574932575425e-16 46.0 0.00014030263833796818 0.00017410229207777295
0.5 -1.2246467991473532e-16 46.0 9.009713568131571e-05 -0.0016204204056140727
0.0 0.0 47.0 0.0 0.0
0.300322955967473 -0.1446279130391861 47.0 0.000728447859654414 -0.001068410139596953
0.3503767819620518 -0.16873256521238378 47.0 0.0006705455236636577 -0.0009352668666877492
0.40043060795663066 -0.1928372173855815 47.0 0.0005744979695837156 -0.0008397738177109151
0.4504844339512095 -0.21694186955877917 47.0 0.00035119999269144967 -0.0003149418356259237
0.0 -0.0 47.0 0.0 0.0
0.05555555555555555 -1.3607186657192813e-17 47.0 0.0003017353460618288 0.0005425184750684079
0.1111111111111111 -2.7214373314385625e-17 47.0 5.151959329261122e-06 0.00014601160204574616
0.16666666666666666 -4.082155997157844e-17 47.0 6.452816555332451e-05 -0.00032897415200060454
0.2222222222222222 -5.442874662877125e-17 47.0 0.00017443966663158384 -0.0007357307074804945
0.2777777777777778 -6.803593328596407e-17 47.0 0.00016587180549459382 -0.0009122483729334925
0.3333333333333333 -8.164311994315688e-17 47.0 3.889488565982643e-05 -0.0007306416447811158
0.38888888888888884 -9.525030660034968e-17 47.0 1.7077521107422295e-05 -8.024838061878884e-05
0.4444444444444444 -1.088574932575425e-16 47.0 0.0001069823598754949 0.0004554575585438917
0.5 -1.2246467991473532e-16 47.0 0.00011079739844864768 -0.0010944943013553926
0.0 0.0 48.0 0.0 0.0
0.300322955967473 -0.1446279130391861 48.0 0.0006016988316625027 -0.000986649770242676
0.3503767819620518 -0.16873256521238378 48.0 0.0005488898250608639 -0.0007015314667435363
0.40043060795663066 -0.1928372173855815 48.0 0.0005704374746888422 -0.00016099407744969867
0.4504844339512095 -0.21694186955877917 48.0 0.0010769841919951245 -0.0005146998374236411
0.0 -0.0 48.0 0.0 0.0
0.05555555555555555 -1.3607186657192813e-17 48.0 0.0003821353136574729 0.0004680820148770445
0.1111111111111111 -2.7214373314385625e-17 48.0 9.942797416440839e-06 9.518420395502382e-05
0.16666666666666666 -4.082155997157844e-17 48.0 8.468921220795909e-05 -0.00024157051197405623
0.2222222222222222 -5.442874662877125e-17 48.0 0.000276354200373885 -0.000603384419686257
0.2777777777777778 -6.803593328596407e-17 48.0 0.0003329418917722466 -0.0009221507788380282
0.3333333333333333 -8.164311994315688e-17 48.0 0.00012155707535787532 -0.0008852656996443883
0.38888888888888884 -9.525030660034968e-17 48.0 4.691530430540741e-06 -0.000252507410905937
0.4444444444444444 -1.088574932575425e-16 48.0 0.00010811342176568375 0.00034902902889547406
0.5 -1.2246467991473532e-16 48.0 0.00011357540533088509 -0.000799719065329393
0.0 0.0 49.0 0.0 0.0
0.300322955967473 -0.1446279130391861 49.0 0.0005962162218827122 -0.0006410938058466516
0.3503767819620518 -0.16873256521238378 49.0 0.0005569372000880749 -0.0004206087753811867
0.40043060795663066 -0.1928372173855815 49.0 0.0006082933495192015 -0.0001706446768529187
0.4504844339512095 -0.21694186955877917 49.0 0.0008381894114053897 -0.0004033174153092092
0.0 -0.0 49.0 0.0 0.0
0.05555555555555555 -1.3607186657192813e-17 49.0 0.0006720238733194674 0.0005487055075422793
0.1111111111111111 -2.7214373314385625e-17 49.0 8.873930877178221e-05 1.4464813283166614e-05
0.16666666666666666 -4.082155997157844e-17 49.0 3.426975337884534e-05 -0.0004926202118951564
0.2222222222222222 -5.442874662877125e-17 49.0 0.00031754384819940074 -0.0009400594080364715
0.2777777777777778 -6.803593328596407e-17 49.0 0.0005695413351026436 -0.0012077638036498291
0.3333333333333333 -8.164311994315688e-17 49.0 0.0003643735390993659 -0.0009092675420360267
0.38888888888888884 -9.525030660034968e-17 49.0 3.230890676764917e-05 -0.00010811960135592065
0.4444444444444444 -1.088574932575425e-16 49.0 2.8785883540716016e-05 0.0003054885458894169
0.5 -1.2246467991473532e-16 49.0 8.805152992662685e-05 -0.0006738790673880992
0.0 0.0 50.0 0.0 0.0
0.300322955967473 -0.1446279130391861 50.0 0.00041778400940434285 -0.0003623499948442751
0.3503767819620518 -0.16873256521238378 50.0 0.0004736689683904891 -0.0002584975278185103
0.40043060795663066 -0.1928372173855815 50.0 0.0005537690253021642 -8.513547307367644e-06
0.4504844339512095 -0.21694186955877917 50.0 0.0007523050651437357 -0.00010441735539927973
0.0 -0.0 50.0 0.0 0.0
0.05555555555555555 -1.3607186657192813e-17 50.0 0.000639459060892757 0.0004145282684369643
0.1111111111111111 -2.7214373314385625e-17 50.0 6.538235077470348e-05 1.2894677233039363e-05
0.16666666666666666 -4.082155997157844e-17 50.0 5.7796369375027384e-05 -0.00029630253631334115
0.2222222222222222 -5.442874662877125e-17 50.0 0.00038939191740088193 -0.0006013417665540552
0.2777777777777778 -6.803593328596407e-17 50.0 0.0006876508238829256 -0.0007868761195228278
0.3333333333333333 -8.164311994315688e-17 50.0 0.0005359264815576784 -0.0004937209027141513
0.38888888888888884 -9.525030660034968e-17 50.0 0.00015209896541278209 6.570115984755206e-05
0.4444444444444444 -1.088574932575425e-16 50.0 5.877200790136032e-06 0.0003061016188542273
0.5 -1.2246467991473532e-16 50.0 3.4145891580039406e-06 0.00011757201272205306
0.0 0.0 51.0 0.0 0.0
0.300322955967473 -0.1446279130391861 51.0 0.000528491223744639 -0.00012367054684540702
0.3503767819620518 -0.16873256521238378 51.0 0.000498557353558195 5.426048082243291e-06
0.40043060795663066 -0.1928372173855815 51.0 0.0004600833465581268 0.00014233723176935022
0.4504844339512095 -0.21694186955877917 51.0 0.0005604167615452227 -5.4151315609611854e-05
0.0 -0.0 51.0 0.0 0.0
0.05555555555555555 -1.3607186657192813e-17 51.0 0.0005297909529044253 0.0003483799864801873
0.1111111111111111 -2.7214373314385625e-17 51.0 5.62142813210657e-05 -0.00010120840591287453
0.16666666666666666 -4.082155997157844e-17 51.0 6.356605650315218e-05 -0.0004854025237341321
0.2222222222222222 -5.442874662877125e-17 51.0 0.0004410539355507432 -0.000739314516295969
0.2777777777777778 -6.803593328596407e-17 51.0 0.0007763647837730557 -0.000701527383162974
0.3333333333333333 -8.164311994315688e-17 51.0 0.0005863454992094519 -0.00024030600894679274
0.38888888888888884 -9.525030660034968e-17 51.0 0.00014655060055461928 0.00023595699323185863
0.4444444444444444 -1.088574932575425e-16 51.0 1.5046520363409831e-06 0.00033358614388971045
0.5 -1.2246467991473532e-16 51.0 3.867472230366699e-06 9.624643289355129e-05
0.0 0.0 52.0 0.0 0.0
0.300322955967473 -0.1446279130391861 52.0 0.0008511855374233981 -0.0005890293381192162
0.3503767819620518 -0.16873256521238378 52.0 0.000882714149064096 -0.00045063484496198677
0.40043060795663066 -0.1928372173855815 52.0 0.0009108979711321713 -0.00018378017613365332
0.4504844339512095 -0.21694186955877917 52.0 0.0011078956268962027 -0.00026427622269865675
0.0 -0.0 52.0 0.0 0.0
0.05555555555555555 -1.3607186657192813e-17 52.0 0.00041160602381171504 0.00020394393203357371
0.1111111111111111 -2.7214373314385625e-17 52.0 2.302713450470551e-05 -0.000281440378559923
0.16666666666666666 -4.082155997157844e-17 52.0 0.00010765122432244293 -0.0007291746327336301
0.2222222222222222 -5.442874662877125e-17 52.0 0.00047898628607773966 -0.0009607840548332196
0.2777777777777778 -6.803593328596407e-17 52.0 0.000633727713647666 -0.0007631308272620577
0.3333333333333333 -8.164311994315688e-17 52.0 0.00034839610205348524 -0.0002223522976747938
0.38888888888888884 -9.525030660034968e-17 52.0 4.827865197995322e-05 0.00016624736738553108
0.4444444444444444 -1.088574932575425e-16 52.0 1.1112401673039247e-06 0.00023519671914186988
0.5 -1.2246467991473532e-16 52.0 1.3885537324940417e-06 5.862534575823235e-06
0.0 0.0 53.0 0.0 0.0
0.300322955967473 -0.1446279130391861 53.0 0.0007124863486264379 -0.0001722859537984759
0.3503767819620518 -0.16873256521238378 53.0 0.0007608671174825994 0.00010890012319189174
0.40043060795663066 -0.1928372173855815 53.0 0.0009864926395228616 -4.53168752916175e-06
0.4504844339512095 -0.21694186955877917 53.0 0.0013785949974230967 -0.0006661319321945139
0.0 -0.0 53.0 0.0 0.0
0.05555555555555555 -1.3607186657192813e-17 53.0 0.00041682898006741405 8.732468274141666e-05
0.1111111111111111 -2.7214373314385625e-17 53.0 3.791459951633603e-05 -0.0005202400706985819
0.16666666666666666 -4.082155997157844e-17 53.0 7.80741206675566e-05 -0.0010992143007388868
0.2222222222222222 -5.442874662877125e-17 53.0 0.00041268005876129364 -0.0013566494566954117
0.2777777777777778 -6.803593328596407e-17 53.0 0.0005411124886397552 -0.0010946014960564506
0.3333333333333333 -8.164311994315688e-17 53.0 0.00031608936710297874 -0.0005259560465937915
0.38888888888888884 -9.525030660034968e-17 53.0 7.780450723316057e-05 -0.00011751390225293916
0.4444444444444444 -1.088574932575425e-16 53.0 8.918787294059239e-06 1.750595311273024e-05
0.5 -1.2246467991473532e-16 53.0 7.869530382199355e-06 -8.544688534363759e-05
