/*--------------------------------*- C++ -*----------------------------------*\
| =========                 |                                                 |
| \\      /  F ield         | OpenFOAM: The Open Source CFD Toolbox           |
|  \\    /   O peration     | Version:  v2106                                 |
|   \\  /    A nd           | Website:  www.openfoam.com                      |
|    \\/     M anipulation  |                                                 |
\*---------------------------------------------------------------------------*/
FoamFile
{
    version     2.0;
    format      ascii;
    arch        "LSB;label=32;scalar=64";
    note        "nPoints:6612  nCells:5880  nFaces:18305  nInternalFaces:16975";
    class       labelList;
    location    "constant/polyMesh";
    object      neighbour;
}
// * * * * * * * * * * * * * * * * * * * * * * * * * * * * * * * * * * * * * //


16975
(
1
56
280
1512
3920
2
57
281
1513
3921
3
58
282
1514
3922
4
59
283
1515
3923
5
60
284
1516
3924
6
61
285
1517
3925
7
62
286
1518
3926
8
63
287
1519
3927
9
64
288
1520
3928
10
65
289
1521
3929
11
66
290
1522
3930
12
67
291
1523
3931
13
68
292
1524
3932
14
69
293
1525
3933
15
70
294
1526
3934
16
71
295
1527
3935
17
72
296
1528
3936
18
73
297
1529
3937
19
74
298
1530
3938
20
75
299
1531
3939
21
76
300
1532
3940
22
77
301
1533
3941
23
78
302
1534
3942
24
79
303
1535
3943
25
80
304
1536
3944
26
81
305
1537
3945
27
82
306
1538
3946
28
83
307
1539
3947
29
84
308
1540
3948
30
85
309
1541
3949
31
86
310
1542
3950
32
87
311
1543
3951
33
88
312
1544
3952
34
89
313
1545
3953
35
90
314
1546
3954
36
91
315
1547
3955
37
92
316
1548
3956
38
93
317
1549
3957
39
94
318
1550
3958
40
95
319
1551
3959
41
96
320
1552
3960
42
97
321
1553
3961
43
98
322
1554
3962
44
99
323
1555
3963
45
100
324
1556
3964
46
101
325
1557
3965
47
102
326
1558
3966
48
103
327
1559
3967
49
104
328
1560
3968
50
105
329
1561
3969
51
106
330
1562
3970
52
107
331
1563
3971
53
108
332
1564
3972
54
109
333
1565
3973
55
110
334
1566
3974
111
335
1567
3975
57
112
336
3976
58
113
337
3977
59
114
338
3978
60
115
339
3979
61
116
340
3980
62
117
341
3981
63
118
342
3982
64
119
343
3983
65
120
344
3984
66
121
345
3985
67
122
346
3986
68
123
347
3987
69
124
348
3988
70
125
349
3989
71
126
350
3990
72
127
351
3991
73
128
352
3992
74
129
353
3993
75
130
354
3994
76
131
355
3995
77
132
356
3996
78
133
357
3997
79
134
358
3998
80
135
359
3999
81
136
360
4000
82
137
361
4001
83
138
362
4002
84
139
363
4003
85
140
364
4004
86
141
365
4005
87
142
366
4006
88
143
367
4007
89
144
368
4008
90
145
369
4009
91
146
370
4010
92
147
371
4011
93
148
372
4012
94
149
373
4013
95
150
374
4014
96
151
375
4015
97
152
376
4016
98
153
377
4017
99
154
378
4018
100
155
379
4019
101
156
380
4020
102
157
381
4021
103
158
382
4022
104
159
383
4023
105
160
384
4024
106
161
385
4025
107
162
386
4026
108
163
387
4027
109
164
388
4028
110
165
389
4029
111
166
390
4030
167
391
4031
113
168
392
4032
114
169
393
4033
115
170
394
4034
116
171
395
4035
117
172
396
4036
118
173
397
4037
119
174
398
4038
120
175
399
4039
121
176
400
4040
122
177
401
4041
123
178
402
4042
124
179
403
4043
125
180
404
4044
126
181
405
4045
127
182
406
4046
128
183
407
4047
129
184
408
4048
130
185
409
4049
131
186
410
4050
132
187
411
4051
133
188
412
4052
134
189
413
4053
135
190
414
4054
136
191
415
4055
137
192
416
4056
138
193
417
4057
139
194
418
4058
140
195
419
4059
141
196
420
4060
142
197
421
4061
143
198
422
4062
144
199
423
4063
145
200
424
4064
146
201
425
4065
147
202
426
4066
148
203
427
4067
149
204
428
4068
150
205
429
4069
151
206
430
4070
152
207
431
4071
153
208
432
4072
154
209
433
4073
155
210
434
4074
156
211
435
4075
157
212
436
4076
158
213
437
4077
159
214
438
4078
160
215
439
4079
161
216
440
4080
162
217
441
4081
163
218
442
4082
164
219
443
4083
165
220
444
4084
166
221
445
4085
167
222
446
4086
223
447
4087
169
224
448
4088
170
225
449
4089
171
226
450
4090
172
227
451
4091
173
228
452
4092
174
229
453
4093
175
230
454
4094
176
231
455
4095
177
232
456
4096
178
233
457
4097
179
234
458
4098
180
235
459
4099
181
236
460
4100
182
237
461
4101
183
238
462
4102
184
239
463
4103
185
240
464
4104
186
241
465
4105
187
242
466
4106
188
243
467
4107
189
244
468
4108
190
245
469
4109
191
246
470
4110
192
247
471
4111
193
248
472
4112
194
249
473
4113
195
250
474
4114
196
251
475
4115
197
252
476
4116
198
253
477
4117
199
254
478
4118
200
255
479
4119
201
256
480
4120
202
257
481
4121
203
258
482
4122
204
259
483
4123
205
260
484
4124
206
261
485
4125
207
262
486
4126
208
263
487
4127
209
264
488
4128
210
265
489
4129
211
266
490
4130
212
267
491
4131
213
268
492
4132
214
269
493
4133
215
270
494
4134
216
271
495
4135
217
272
496
4136
218
273
497
4137
219
274
498
4138
220
275
499
4139
221
276
500
4140
222
277
501
4141
223
278
502
4142
279
503
4143
225
504
3752
4144
226
505
3753
4145
227
506
3754
4146
228
507
3755
4147
229
508
3756
4148
230
509
3757
4149
231
510
3758
4150
232
511
3759
4151
233
512
3760
4152
234
513
3761
4153
235
514
3762
4154
236
515
3763
4155
237
516
3764
4156
238
517
3765
4157
239
518
3766
4158
240
519
3767
4159
241
520
3768
4160
242
521
3769
4161
243
522
3770
4162
244
523
3771
4163
245
524
3772
4164
246
525
3773
4165
247
526
3774
4166
248
527
3775
4167
249
528
3776
4168
250
529
3777
4169
251
530
3778
4170
252
531
3779
4171
253
532
3780
4172
254
533
3781
4173
255
534
3782
4174
256
535
3783
4175
257
536
3784
4176
258
537
3785
4177
259
538
3786
4178
260
539
3787
4179
261
540
3788
4180
262
541
3789
4181
263
542
3790
4182
264
543
3791
4183
265
544
3792
4184
266
545
3793
4185
267
546
3794
4186
268
547
3795
4187
269
548
3796
4188
270
549
3797
4189
271
550
3798
4190
272
551
3799
4191
273
552
3800
4192
274
553
3801
4193
275
554
3802
4194
276
555
3803
4195
277
556
3804
4196
278
557
3805
4197
279
558
3806
4198
559
3807
4199
281
336
560
1680
282
337
561
1681
283
338
562
1682
284
339
563
1683
285
340
564
1684
286
341
565
1685
287
342
566
1686
288
343
567
1687
289
344
568
1688
290
345
569
1689
291
346
570
1690
292
347
571
1691
293
348
572
1692
294
349
573
1693
295
350
574
1694
296
351
575
1695
297
352
576
1696
298
353
577
1697
299
354
578
1698
300
355
579
1699
301
356
580
1700
302
357
581
1701
303
358
582
1702
304
359
583
1703
305
360
584
1704
306
361
585
1705
307
362
586
1706
308
363
587
1707
309
364
588
1708
310
365
589
1709
311
366
590
1710
312
367
591
1711
313
368
592
1712
314
369
593
1713
315
370
594
1714
316
371
595
1715
317
372
596
1716
318
373
597
1717
319
374
598
1718
320
375
599
1719
321
376
600
1720
322
377
601
1721
323
378
602
1722
324
379
603
1723
325
380
604
1724
326
381
605
1725
327
382
606
1726
328
383
607
1727
329
384
608
1728
330
385
609
1729
331
386
610
1730
332
387
611
1731
333
388
612
1732
334
389
613
1733
335
390
614
1734
391
615
1735
337
392
616
338
393
617
339
394
618
340
395
619
341
396
620
342
397
621
343
398
622
344
399
623
345
400
624
346
401
625
347
402
626
348
403
627
349
404
628
350
405
629
351
406
630
352
407
631
353
408
632
354
409
633
355
410
634
356
411
635
357
412
636
358
413
637
359
414
638
360
415
639
361
416
640
362
417
641
363
418
642
364
419
643
365
420
644
366
421
645
367
422
646
368
423
647
369
424
648
370
425
649
371
426
650
372
427
651
373
428
652
374
429
653
375
430
654
376
431
655
377
432
656
378
433
657
379
434
658
380
435
659
381
436
660
382
437
661
383
438
662
384
439
663
385
440
664
386
441
665
387
442
666
388
443
667
389
444
668
390
445
669
391
446
670
447
671
393
448
672
394
449
673
395
450
674
396
451
675
397
452
676
398
453
677
399
454
678
400
455
679
401
456
680
402
457
681
403
458
682
404
459
683
405
460
684
406
461
685
407
462
686
408
463
687
409
464
688
410
465
689
411
466
690
412
467
691
413
468
692
414
469
693
415
470
694
416
471
695
417
472
696
418
473
697
419
474
698
420
475
699
421
476
700
422
477
701
423
478
702
424
479
703
425
480
704
426
481
705
427
482
706
428
483
707
429
484
708
430
485
709
431
486
710
432
487
711
433
488
712
434
489
713
435
490
714
436
491
715
437
492
716
438
493
717
439
494
718
440
495
719
441
496
720
442
497
721
443
498
722
444
499
723
445
500
724
446
501
725
447
502
726
503
727
449
504
728
450
505
729
451
506
730
452
507
731
453
508
732
454
509
733
455
510
734
456
511
735
457
512
736
458
513
737
459
514
738
460
515
739
461
516
740
462
517
741
463
518
742
464
519
743
465
520
744
466
521
745
467
522
746
468
523
747
469
524
748
470
525
749
471
526
750
472
527
751
473
528
752
474
529
753
475
530
754
476
531
755
477
532
756
478
533
757
479
534
758
480
535
759
481
536
760
482
537
761
483
538
762
484
539
763
485
540
764
486
541
765
487
542
766
488
543
767
489
544
768
490
545
769
491
546
770
492
547
771
493
548
772
494
549
773
495
550
774
496
551
775
497
552
776
498
553
777
499
554
778
500
555
779
501
556
780
502
557
781
503
558
782
559
783
505
784
3584
506
785
3585
507
786
3586
508
787
3587
509
788
3588
510
789
3589
511
790
3590
512
791
3591
513
792
3592
514
793
3593
515
794
3594
516
795
3595
517
796
3596
518
797
3597
519
798
3598
520
799
3599
521
800
3600
522
801
3601
523
802
3602
524
803
3603
525
804
3604
526
805
3605
527
806
3606
528
807
3607
529
808
3608
530
809
3609
531
810
3610
532
811
3611
533
812
3612
534
813
3613
535
814
3614
536
815
3615
537
816
3616
538
817
3617
539
818
3618
540
819
3619
541
820
3620
542
821
3621
543
822
3622
544
823
3623
545
824
3624
546
825
3625
547
826
3626
548
827
3627
549
828
3628
550
829
3629
551
830
3630
552
831
3631
553
832
3632
554
833
3633
555
834
3634
556
835
3635
557
836
3636
558
837
3637
559
838
3638
839
3639
561
616
840
1848
562
617
841
1849
563
618
842
1850
564
619
843
1851
565
620
844
1852
566
621
845
1853
567
622
846
1854
568
623
847
1855
569
624
848
1856
570
625
849
1857
571
626
850
1858
572
627
851
1859
573
628
852
1860
574
629
853
1861
575
630
854
1862
576
631
855
1863
577
632
856
1864
578
633
857
1865
579
634
858
1866
580
635
859
1867
581
636
860
1868
582
637
861
1869
583
638
862
1870
584
639
863
1871
585
640
864
1872
586
641
865
1873
587
642
866
1874
588
643
867
1875
589
644
868
1876
590
645
869
1877
591
646
870
1878
592
647
871
1879
593
648
872
1880
594
649
873
1881
595
650
874
1882
596
651
875
1883
597
652
876
1884
598
653
877
1885
599
654
878
1886
600
655
879
1887
601
656
880
1888
602
657
881
1889
603
658
882
1890
604
659
883
1891
605
660
884
1892
606
661
885
1893
607
662
886
1894
608
663
887
1895
609
664
888
1896
610
665
889
1897
611
666
890
1898
612
667
891
1899
613
668
892
1900
614
669
893
1901
615
670
894
1902
671
895
1903
617
672
896
618
673
897
619
674
898
620
675
899
621
676
900
622
677
901
623
678
902
624
679
903
625
680
904
626
681
905
627
682
906
628
683
907
629
684
908
630
685
909
631
686
910
632
687
911
633
688
912
634
689
913
635
690
914
636
691
915
637
692
916
638
693
917
639
694
918
640
695
919
641
696
920
642
697
921
643
698
922
644
699
923
645
700
924
646
701
925
647
702
926
648
703
927
649
704
928
650
705
929
651
706
930
652
707
931
653
708
932
654
709
933
655
710
934
656
711
935
657
712
936
658
713
937
659
714
938
660
715
939
661
716
940
662
717
941
663
718
942
664
719
943
665
720
944
666
721
945
667
722
946
668
723
947
669
724
948
670
725
949
671
726
950
727
951
673
728
952
674
729
953
675
730
954
676
731
955
677
732
956
678
733
957
679
734
958
680
735
959
681
736
960
682
737
961
683
738
962
684
739
963
685
740
964
686
741
965
687
742
966
688
743
967
689
744
968
690
745
969
691
746
970
692
747
971
693
748
972
694
749
973
695
750
974
696
751
975
697
752
976
698
753
977
699
754
978
700
755
979
701
756
980
702
757
981
703
758
982
704
759
983
705
760
984
706
761
985
707
762
986
708
763
987
709
764
988
710
765
989
711
766
990
712
767
991
713
768
992
714
769
993
715
770
994
716
771
995
717
772
996
718
773
997
719
774
998
720
775
999
721
776
1000
722
777
1001
723
778
1002
724
779
1003
725
780
1004
726
781
1005
727
782
1006
783
1007
729
784
1008
730
785
1009
731
786
1010
732
787
1011
733
788
1012
734
789
1013
735
790
1014
736
791
1015
737
792
1016
738
793
1017
739
794
1018
740
795
1019
741
796
1020
742
797
1021
743
798
1022
744
799
1023
745
800
1024
746
801
1025
747
802
1026
748
803
1027
749
804
1028
750
805
1029
751
806
1030
752
807
1031
753
808
1032
754
809
1033
755
810
1034
756
811
1035
757
812
1036
758
813
1037
759
814
1038
760
815
1039
761
816
1040
762
817
1041
763
818
1042
764
819
1043
765
820
1044
766
821
1045
767
822
1046
768
823
1047
769
824
1048
770
825
1049
771
826
1050
772
827
1051
773
828
1052
774
829
1053
775
830
1054
776
831
1055
777
832
1056
778
833
1057
779
834
1058
780
835
1059
781
836
1060
782
837
1061
783
838
1062
839
1063
785
1064
3416
786
1065
3417
787
1066
3418
788
1067
3419
789
1068
3420
790
1069
3421
791
1070
3422
792
1071
3423
793
1072
3424
794
1073
3425
795
1074
3426
796
1075
3427
797
1076
3428
798
1077
3429
799
1078
3430
800
1079
3431
801
1080
3432
802
1081
3433
803
1082
3434
804
1083
3435
805
1084
3436
806
1085
3437
807
1086
3438
808
1087
3439
809
1088
3440
810
1089
3441
811
1090
3442
812
1091
3443
813
1092
3444
814
1093
3445
815
1094
3446
816
1095
3447
817
1096
3448
818
1097
3449
819
1098
3450
820
1099
3451
821
1100
3452
822
1101
3453
823
1102
3454
824
1103
3455
825
1104
3456
826
1105
3457
827
1106
3458
828
1107
3459
829
1108
3460
830
1109
3461
831
1110
3462
832
1111
3463
833
1112
3464
834
1113
3465
835
1114
3466
836
1115
3467
837
1116
3468
838
1117
3469
839
1118
3470
1119
3471
841
896
1120
2016
842
897
1121
2017
843
898
1122
2018
844
899
1123
2019
845
900
1124
2020
846
901
1125
2021
847
902
1126
2022
848
903
1127
2023
849
904
1128
2024
850
905
1129
2025
851
906
1130
2026
852
907
1131
2027
853
908
1132
2028
854
909
1133
2029
855
910
1134
2030
856
911
1135
2031
857
912
1136
2032
858
913
1137
2033
859
914
1138
2034
860
915
1139
2035
861
916
1140
2036
862
917
1141
2037
863
918
1142
2038
864
919
1143
2039
865
920
1144
2040
866
921
1145
2041
867
922
1146
2042
868
923
1147
2043
869
924
1148
2044
870
925
1149
2045
871
926
1150
2046
872
927
1151
2047
873
928
1152
2048
874
929
1153
2049
875
930
1154
2050
876
931
1155
2051
877
932
1156
2052
878
933
1157
2053
879
934
1158
2054
880
935
1159
2055
881
936
1160
2056
882
937
1161
2057
883
938
1162
2058
884
939
1163
2059
885
940
1164
2060
886
941
1165
2061
887
942
1166
2062
888
943
1167
2063
889
944
1168
2064
890
945
1169
2065
891
946
1170
2066
892
947
1171
2067
893
948
1172
2068
894
949
1173
2069
895
950
1174
2070
951
1175
2071
897
952
1176
898
953
1177
899
954
1178
900
955
1179
901
956
1180
902
957
1181
903
958
1182
904
959
1183
905
960
1184
906
961
1185
907
962
1186
908
963
1187
909
964
1188
910
965
1189
911
966
1190
912
967
1191
913
968
1192
914
969
1193
915
970
1194
916
971
1195
917
972
1196
918
973
1197
919
974
1198
920
975
1199
921
976
1200
922
977
1201
923
978
1202
924
979
1203
925
980
1204
926
981
1205
927
982
1206
928
983
1207
929
984
1208
930
985
1209
931
986
1210
932
987
1211
933
988
1212
934
989
1213
935
990
1214
936
991
1215
937
992
1216
938
993
1217
939
994
1218
940
995
1219
941
996
1220
942
997
1221
943
998
1222
944
999
1223
945
1000
1224
946
1001
1225
947
1002
1226
948
1003
1227
949
1004
1228
950
1005
1229
951
1006
1230
1007
1231
953
1008
1232
954
1009
1233
955
1010
1234
956
1011
1235
957
1012
1236
958
1013
1237
959
1014
1238
960
1015
1239
961
1016
1240
962
1017
1241
963
1018
1242
964
1019
1243
965
1020
1244
966
1021
1245
967
1022
1246
968
1023
1247
969
1024
1248
970
1025
1249
971
1026
1250
972
1027
1251
973
1028
1252
974
1029
1253
975
1030
1254
976
1031
1255
977
1032
1256
978
1033
1257
979
1034
1258
980
1035
1259
981
1036
1260
982
1037
1261
983
1038
1262
984
1039
1263
985
1040
1264
986
1041
1265
987
1042
1266
988
1043
1267
989
1044
1268
990
1045
1269
991
1046
1270
992
1047
1271
993
1048
1272
994
1049
1273
995
1050
1274
996
1051
1275
997
1052
1276
998
1053
1277
999
1054
1278
1000
1055
1279
1001
1056
1280
1002
1057
1281
1003
1058
1282
1004
1059
1283
1005
1060
1284
1006
1061
1285
1007
1062
1286
1063
1287
1009
1064
1288
1010
1065
1289
1011
1066
1290
1012
1067
1291
1013
1068
1292
1014
1069
1293
1015
1070
1294
1016
1071
1295
1017
1072
1296
1018
1073
1297
1019
1074
1298
1020
1075
1299
1021
1076
1300
1022
1077
1301
1023
1078
1302
1024
1079
1303
1025
1080
1304
1026
1081
1305
1027
1082
1306
1028
1083
1307
1029
1084
1308
1030
1085
1309
1031
1086
1310
1032
1087
1311
1033
1088
1312
1034
1089
1313
1035
1090
1314
1036
1091
1315
1037
1092
1316
1038
1093
1317
1039
1094
1318
1040
1095
1319
1041
1096
1320
1042
1097
1321
1043
1098
1322
1044
1099
1323
1045
1100
1324
1046
1101
1325
1047
1102
1326
1048
1103
1327
1049
1104
1328
1050
1105
1329
1051
1106
1330
1052
1107
1331
1053
1108
1332
1054
1109
1333
1055
1110
1334
1056
1111
1335
1057
1112
1336
1058
1113
1337
1059
1114
1338
1060
1115
1339
1061
1116
1340
1062
1117
1341
1063
1118
1342
1119
1343
1065
1344
3248
1066
1345
3249
1067
1346
3250
1068
1347
3251
1069
1348
3252
1070
1349
3253
1071
1350
3254
1072
1351
3255
1073
1352
3256
1074
1353
3257
1075
1354
3258
1076
1355
3259
1077
1356
3260
1078
1357
3261
1079
1358
3262
1080
1359
3263
1081
1360
3264
1082
1361
3265
1083
1362
3266
1084
1363
3267
1085
1364
3268
1086
1365
3269
1087
1366
3270
1088
1367
3271
1089
1368
3272
1090
1369
3273
1091
1370
3274
1092
1371
3275
1093
1372
3276
1094
1373
3277
1095
1374
3278
1096
1375
3279
1097
1376
3280
1098
1377
3281
1099
1378
3282
1100
1379
3283
1101
1380
3284
1102
1381
3285
1103
1382
3286
1104
1383
3287
1105
1384
3288
1106
1385
3289
1107
1386
3290
1108
1387
3291
1109
1388
3292
1110
1389
3293
1111
1390
3294
1112
1391
3295
1113
1392
3296
1114
1393
3297
1115
1394
3298
1116
1395
3299
1117
1396
3300
1118
1397
3301
1119
1398
3302
1399
3303
1121
1176
2184
2240
1122
1177
2185
2241
1123
1178
2186
2242
1124
1179
2187
2243
1125
1180
2188
2244
1126
1181
2189
2245
1127
1182
2190
2246
1128
1183
2191
2247
1129
1184
2192
2248
1130
1185
2193
2249
1131
1186
2194
2250
1132
1187
2195
2251
1133
1188
2196
2252
1134
1189
2197
2253
1135
1190
2198
2254
1136
1191
2199
2255
1137
1192
2200
2256
1138
1193
2201
2257
1139
1194
2202
2258
1140
1195
2203
2259
1141
1196
2204
2260
1142
1197
2205
2261
1143
1198
2206
2262
1144
1199
2207
2263
1145
1200
2208
2264
1146
1201
2209
2265
1147
1202
2210
2266
1148
1203
2211
2267
1149
1204
2212
2268
1150
1205
2213
2269
1151
1206
2214
2270
1152
1207
2215
2271
1153
1208
2216
2272
1154
1209
2217
2273
1155
1210
2218
2274
1156
1211
2219
2275
1157
1212
2220
2276
1158
1213
2221
2277
1159
1214
2222
2278
1160
1215
2223
2279
1161
1216
2224
2280
1162
1217
2225
2281
1163
1218
2226
2282
1164
1219
2227
2283
1165
1220
2228
2284
1166
1221
2229
2285
1167
1222
2230
2286
1168
1223
2231
2287
1169
1224
2232
2288
1170
1225
2233
2289
1171
1226
2234
2290
1172
1227
2235
2291
1173
1228
2236
2292
1174
1229
2237
2293
1175
1230
2238
2294
1231
2239
2295
1177
1232
2296
1178
1233
2297
1179
1234
2298
1180
1235
2299
1181
1236
2300
1182
1237
2301
1183
1238
2302
1184
1239
2303
1185
1240
2304
1186
1241
2305
1187
1242
2306
1188
1243
2307
1189
1244
2308
1190
1245
2309
1191
1246
2310
1192
1247
2311
1193
1248
2312
1194
1249
2313
1195
1250
2314
1196
1251
2315
1197
1252
2316
1198
1253
2317
1199
1254
2318
1200
1255
2319
1201
1256
2320
1202
1257
2321
1203
1258
2322
1204
1259
2323
1205
1260
2324
1206
1261
2325
1207
1262
2326
1208
1263
2327
1209
1264
2328
1210
1265
2329
1211
1266
2330
1212
1267
2331
1213
1268
2332
1214
1269
2333
1215
1270
2334
1216
1271
2335
1217
1272
2336
1218
1273
2337
1219
1274
2338
1220
1275
2339
1221
1276
2340
1222
1277
2341
1223
1278
2342
1224
1279
2343
1225
1280
2344
1226
1281
2345
1227
1282
2346
1228
1283
2347
1229
1284
2348
1230
1285
2349
1231
1286
2350
1287
2351
1233
1288
2352
1234
1289
2353
1235
1290
2354
1236
1291
2355
1237
1292
2356
1238
1293
2357
1239
1294
2358
1240
1295
2359
1241
1296
2360
1242
1297
2361
1243
1298
2362
1244
1299
2363
1245
1300
2364
1246
1301
2365
1247
1302
2366
1248
1303
2367
1249
1304
2368
1250
1305
2369
1251
1306
2370
1252
1307
2371
1253
1308
2372
1254
1309
2373
1255
1310
2374
1256
1311
2375
1257
1312
2376
1258
1313
2377
1259
1314
2378
1260
1315
2379
1261
1316
2380
1262
1317
2381
1263
1318
2382
1264
1319
2383
1265
1320
2384
1266
1321
2385
1267
1322
2386
1268
1323
2387
1269
1324
2388
1270
1325
2389
1271
1326
2390
1272
1327
2391
1273
1328
2392
1274
1329
2393
1275
1330
2394
1276
1331
2395
1277
1332
2396
1278
1333
2397
1279
1334
2398
1280
1335
2399
1281
1336
2400
1282
1337
2401
1283
1338
2402
1284
1339
2403
1285
1340
2404
1286
1341
2405
1287
1342
2406
1343
2407
1289
1344
2408
1290
1345
2409
1291
1346
2410
1292
1347
2411
1293
1348
2412
1294
1349
2413
1295
1350
2414
1296
1351
2415
1297
1352
2416
1298
1353
2417
1299
1354
2418
1300
1355
2419
1301
1356
2420
1302
1357
2421
1303
1358
2422
1304
1359
2423
1305
1360
2424
1306
1361
2425
1307
1362
2426
1308
1363
2427
1309
1364
2428
1310
1365
2429
1311
1366
2430
1312
1367
2431
1313
1368
2432
1314
1369
2433
1315
1370
2434
1316
1371
2435
1317
1372
2436
1318
1373
2437
1319
1374
2438
1320
1375
2439
1321
1376
2440
1322
1377
2441
1323
1378
2442
1324
1379
2443
1325
1380
2444
1326
1381
2445
1327
1382
2446
1328
1383
2447
1329
1384
2448
1330
1385
2449
1331
1386
2450
1332
1387
2451
1333
1388
2452
1334
1389
2453
1335
1390
2454
1336
1391
2455
1337
1392
2456
1338
1393
2457
1339
1394
2458
1340
1395
2459
1341
1396
2460
1342
1397
2461
1343
1398
2462
1399
2463
1345
2464
3080
1346
2465
3081
1347
2466
3082
1348
2467
3083
1349
2468
3084
1350
2469
3085
1351
2470
3086
1352
2471
3087
1353
2472
3088
1354
2473
3089
1355
2474
3090
1356
2475
3091
1357
2476
3092
1358
2477
3093
1359
2478
3094
1360
2479
3095
1361
2480
3096
1362
2481
3097
1363
2482
3098
1364
2483
3099
1365
2484
3100
1366
2485
3101
1367
2486
3102
1368
2487
3103
1369
2488
3104
1370
2489
3105
1371
2490
3106
1372
2491
3107
1373
2492
3108
1374
2493
3109
1375
2494
3110
1376
2495
3111
1377
2496
3112
1378
2497
3113
1379
2498
3114
1380
2499
3115
1381
2500
3116
1382
2501
3117
1383
2502
3118
1384
2503
3119
1385
2504
3120
1386
2505
3121
1387
2506
3122
1388
2507
3123
1389
2508
3124
1390
2509
3125
1391
2510
3126
1392
2511
3127
1393
2512
3128
1394
2513
3129
1395
2514
3130
1396
2515
3131
1397
2516
3132
1398
2517
3133
1399
2518
3134
2519
3135
1401
1456
1568
4480
4760
1402
1457
1569
4481
4761
1403
1458
1570
4482
4762
1404
1459
1571
4483
4763
1405
1460
1572
4484
4764
1406
1461
1573
4485
4765
1407
1462
1574
4486
4766
1408
1463
1575
4487
4767
1409
1464
1576
4488
4768
1410
1465
1577
4489
4769
1411
1466
1578
4490
4770
1412
1467
1579
4491
4771
1413
1468
1580
4492
4772
1414
1469
1581
4493
4773
1415
1470
1582
4494
4774
1416
1471
1583
4495
4775
1417
1472
1584
4496
4776
1418
1473
1585
4497
4777
1419
1474
1586
4498
4778
1420
1475
1587
4499
4779
1421
1476
1588
4500
4780
1422
1477
1589
4501
4781
1423
1478
1590
4502
4782
1424
1479
1591
4503
4783
1425
1480
1592
4504
4784
1426
1481
1593
4505
4785
1427
1482
1594
4506
4786
1428
1483
1595
4507
4787
1429
1484
1596
4508
4788
1430
1485
1597
4509
4789
1431
1486
1598
4510
4790
1432
1487
1599
4511
4791
1433
1488
1600
4512
4792
1434
1489
1601
4513
4793
1435
1490
1602
4514
4794
1436
1491
1603
4515
4795
1437
1492
1604
4516
4796
1438
1493
1605
4517
4797
1439
1494
1606
4518
4798
1440
1495
1607
4519
4799
1441
1496
1608
4520
4800
1442
1497
1609
4521
4801
1443
1498
1610
4522
4802
1444
1499
1611
4523
4803
1445
1500
1612
4524
4804
1446
1501
1613
4525
4805
1447
1502
1614
4526
4806
1448
1503
1615
4527
4807
1449
1504
1616
4528
4808
1450
1505
1617
4529
4809
1451
1506
1618
4530
4810
1452
1507
1619
4531
4811
1453
1508
1620
4532
4812
1454
1509
1621
4533
4813
1455
1510
1622
4534
4814
1511
1623
4535
4815
1457
1512
1624
4200
1458
1513
1625
4201
1459
1514
1626
4202
1460
1515
1627
4203
1461
1516
1628
4204
1462
1517
1629
4205
1463
1518
1630
4206
1464
1519
1631
4207
1465
1520
1632
4208
1466
1521
1633
4209
1467
1522
1634
4210
1468
1523
1635
4211
1469
1524
1636
4212
1470
1525
1637
4213
1471
1526
1638
4214
1472
1527
1639
4215
1473
1528
1640
4216
1474
1529
1641
4217
1475
1530
1642
4218
1476
1531
1643
4219
1477
1532
1644
4220
1478
1533
1645
4221
1479
1534
1646
4222
1480
1535
1647
4223
1481
1536
1648
4224
1482
1537
1649
4225
1483
1538
1650
4226
1484
1539
1651
4227
1485
1540
1652
4228
1486
1541
1653
4229
1487
1542
1654
4230
1488
1543
1655
4231
1489
1544
1656
4232
1490
1545
1657
4233
1491
1546
1658
4234
1492
1547
1659
4235
1493
1548
1660
4236
1494
1549
1661
4237
1495
1550
1662
4238
1496
1551
1663
4239
1497
1552
1664
4240
1498
1553
1665
4241
1499
1554
1666
4242
1500
1555
1667
4243
1501
1556
1668
4244
1502
1557
1669
4245
1503
1558
1670
4246
1504
1559
1671
4247
1505
1560
1672
4248
1506
1561
1673
4249
1507
1562
1674
4250
1508
1563
1675
4251
1509
1564
1676
4252
1510
1565
1677
4253
1511
1566
1678
4254
1567
1679
4255
1513
1680
3920
1514
1681
3921
1515
1682
3922
1516
1683
3923
1517
1684
3924
1518
1685
3925
1519
1686
3926
1520
1687
3927
1521
1688
3928
1522
1689
3929
1523
1690
3930
1524
1691
3931
1525
1692
3932
1526
1693
3933
1527
1694
3934
1528
1695
3935
1529
1696
3936
1530
1697
3937
1531
1698
3938
1532
1699
3939
1533
1700
3940
1534
1701
3941
1535
1702
3942
1536
1703
3943
1537
1704
3944
1538
1705
3945
1539
1706
3946
1540
1707
3947
1541
1708
3948
1542
1709
3949
1543
1710
3950
1544
1711
3951
1545
1712
3952
1546
1713
3953
1547
1714
3954
1548
1715
3955
1549
1716
3956
1550
1717
3957
1551
1718
3958
1552
1719
3959
1553
1720
3960
1554
1721
3961
1555
1722
3962
1556
1723
3963
1557
1724
3964
1558
1725
3965
1559
1726
3966
1560
1727
3967
1561
1728
3968
1562
1729
3969
1563
1730
3970
1564
1731
3971
1565
1732
3972
1566
1733
3973
1567
1734
3974
1735
3975
1569
1624
1736
4816
1570
1625
1737
4817
1571
1626
1738
4818
1572
1627
1739
4819
1573
1628
1740
4820
1574
1629
1741
4821
1575
1630
1742
4822
1576
1631
1743
4823
1577
1632
1744
4824
1578
1633
1745
4825
1579
1634
1746
4826
1580
1635
1747
4827
1581
1636
1748
4828
1582
1637
1749
4829
1583
1638
1750
4830
1584
1639
1751
4831
1585
1640
1752
4832
1586
1641
1753
4833
1587
1642
1754
4834
1588
1643
1755
4835
1589
1644
1756
4836
1590
1645
1757
4837
1591
1646
1758
4838
1592
1647
1759
4839
1593
1648
1760
4840
1594
1649
1761
4841
1595
1650
1762
4842
1596
1651
1763
4843
1597
1652
1764
4844
1598
1653
1765
4845
1599
1654
1766
4846
1600
1655
1767
4847
1601
1656
1768
4848
1602
1657
1769
4849
1603
1658
1770
4850
1604
1659
1771
4851
1605
1660
1772
4852
1606
1661
1773
4853
1607
1662
1774
4854
1608
1663
1775
4855
1609
1664
1776
4856
1610
1665
1777
4857
1611
1666
1778
4858
1612
1667
1779
4859
1613
1668
1780
4860
1614
1669
1781
4861
1615
1670
1782
4862
1616
1671
1783
4863
1617
1672
1784
4864
1618
1673
1785
4865
1619
1674
1786
4866
1620
1675
1787
4867
1621
1676
1788
4868
1622
1677
1789
4869
1623
1678
1790
4870
1679
1791
4871
1625
1680
1792
1626
1681
1793
1627
1682
1794
1628
1683
1795
1629
1684
1796
1630
1685
1797
1631
1686
1798
1632
1687
1799
1633
1688
1800
1634
1689
1801
1635
1690
1802
1636
1691
1803
1637
1692
1804
1638
1693
1805
1639
1694
1806
1640
1695
1807
1641
1696
1808
1642
1697
1809
1643
1698
1810
1644
1699
1811
1645
1700
1812
1646
1701
1813
1647
1702
1814
1648
1703
1815
1649
1704
1816
1650
1705
1817
1651
1706
1818
1652
1707
1819
1653
1708
1820
1654
1709
1821
1655
1710
1822
1656
1711
1823
1657
1712
1824
1658
1713
1825
1659
1714
1826
1660
1715
1827
1661
1716
1828
1662
1717
1829
1663
1718
1830
1664
1719
1831
1665
1720
1832
1666
1721
1833
1667
1722
1834
1668
1723
1835
1669
1724
1836
1670
1725
1837
1671
1726
1838
1672
1727
1839
1673
1728
1840
1674
1729
1841
1675
1730
1842
1676
1731
1843
1677
1732
1844
1678
1733
1845
1679
1734
1846
1735
1847
1681
1848
1682
1849
1683
1850
1684
1851
1685
1852
1686
1853
1687
1854
1688
1855
1689
1856
1690
1857
1691
1858
1692
1859
1693
1860
1694
1861
1695
1862
1696
1863
1697
1864
1698
1865
1699
1866
1700
1867
1701
1868
1702
1869
1703
1870
1704
1871
1705
1872
1706
1873
1707
1874
1708
1875
1709
1876
1710
1877
1711
1878
1712
1879
1713
1880
1714
1881
1715
1882
1716
1883
1717
1884
1718
1885
1719
1886
1720
1887
1721
1888
1722
1889
1723
1890
1724
1891
1725
1892
1726
1893
1727
1894
1728
1895
1729
1896
1730
1897
1731
1898
1732
1899
1733
1900
1734
1901
1735
1902
1903
1737
1792
1904
4872
1738
1793
1905
4873
1739
1794
1906
4874
1740
1795
1907
4875
1741
1796
1908
4876
1742
1797
1909
4877
1743
1798
1910
4878
1744
1799
1911
4879
1745
1800
1912
4880
1746
1801
1913
4881
1747
1802
1914
4882
1748
1803
1915
4883
1749
1804
1916
4884
1750
1805
1917
4885
1751
1806
1918
4886
1752
1807
1919
4887
1753
1808
1920
4888
1754
1809
1921
4889
1755
1810
1922
4890
1756
1811
1923
4891
1757
1812
1924
4892
1758
1813
1925
4893
1759
1814
1926
4894
1760
1815
1927
4895
1761
1816
1928
4896
1762
1817
1929
4897
1763
1818
1930
4898
1764
1819
1931
4899
1765
1820
1932
4900
1766
1821
1933
4901
1767
1822
1934
4902
1768
1823
1935
4903
1769
1824
1936
4904
1770
1825
1937
4905
1771
1826
1938
4906
1772
1827
1939
4907
1773
1828
1940
4908
1774
1829
1941
4909
1775
1830
1942
4910
1776
1831
1943
4911
1777
1832
1944
4912
1778
1833
1945
4913
1779
1834
1946
4914
1780
1835
1947
4915
1781
1836
1948
4916
1782
1837
1949
4917
1783
1838
1950
4918
1784
1839
1951
4919
1785
1840
1952
4920
1786
1841
1953
4921
1787
1842
1954
4922
1788
1843
1955
4923
1789
1844
1956
4924
1790
1845
1957
4925
1791
1846
1958
4926
1847
1959
4927
1793
1848
1960
1794
1849
1961
1795
1850
1962
1796
1851
1963
1797
1852
1964
1798
1853
1965
1799
1854
1966
1800
1855
1967
1801
1856
1968
1802
1857
1969
1803
1858
1970
1804
1859
1971
1805
1860
1972
1806
1861
1973
1807
1862
1974
1808
1863
1975
1809
1864
1976
1810
1865
1977
1811
1866
1978
1812
1867
1979
1813
1868
1980
1814
1869
1981
1815
1870
1982
1816
1871
1983
1817
1872
1984
1818
1873
1985
1819
1874
1986
1820
1875
1987
1821
1876
1988
1822
1877
1989
1823
1878
1990
1824
1879
1991
1825
1880
1992
1826
1881
1993
1827
1882
1994
1828
1883
1995
1829
1884
1996
1830
1885
1997
1831
1886
1998
1832
1887
1999
1833
1888
2000
1834
1889
2001
1835
1890
2002
1836
1891
2003
1837
1892
2004
1838
1893
2005
1839
1894
2006
1840
1895
2007
1841
1896
2008
1842
1897
2009
1843
1898
2010
1844
1899
2011
1845
1900
2012
1846
1901
2013
1847
1902
2014
1903
2015
1849
2016
1850
2017
1851
2018
1852
2019
1853
2020
1854
2021
1855
2022
1856
2023
1857
2024
1858
2025
1859
2026
1860
2027
1861
2028
1862
2029
1863
2030
1864
2031
1865
2032
1866
2033
1867
2034
1868
2035
1869
2036
1870
2037
1871
2038
1872
2039
1873
2040
1874
2041
1875
2042
1876
2043
1877
2044
1878
2045
1879
2046
1880
2047
1881
2048
1882
2049
1883
2050
1884
2051
1885
2052
1886
2053
1887
2054
1888
2055
1889
2056
1890
2057
1891
2058
1892
2059
1893
2060
1894
2061
1895
2062
1896
2063
1897
2064
1898
2065
1899
2066
1900
2067
1901
2068
1902
2069
1903
2070
2071
1905
1960
2072
4928
1906
1961
2073
4929
1907
1962
2074
4930
1908
1963
2075
4931
1909
1964
2076
4932
1910
1965
2077
4933
1911
1966
2078
4934
1912
1967
2079
4935
1913
1968
2080
4936
1914
1969
2081
4937
1915
1970
2082
4938
1916
1971
2083
4939
1917
1972
2084
4940
1918
1973
2085
4941
1919
1974
2086
4942
1920
1975
2087
4943
1921
1976
2088
4944
1922
1977
2089
4945
1923
1978
2090
4946
1924
1979
2091
4947
1925
1980
2092
4948
1926
1981
2093
4949
1927
1982
2094
4950
1928
1983
2095
4951
1929
1984
2096
4952
1930
1985
2097
4953
1931
1986
2098
4954
1932
1987
2099
4955
1933
1988
2100
4956
1934
1989
2101
4957
1935
1990
2102
4958
1936
1991
2103
4959
1937
1992
2104
4960
1938
1993
2105
4961
1939
1994
2106
4962
1940
1995
2107
4963
1941
1996
2108
4964
1942
1997
2109
4965
1943
1998
2110
4966
1944
1999
2111
4967
1945
2000
2112
4968
1946
2001
2113
4969
1947
2002
2114
4970
1948
2003
2115
4971
1949
2004
2116
4972
1950
2005
2117
4973
1951
2006
2118
4974
1952
2007
2119
4975
1953
2008
2120
4976
1954
2009
2121
4977
1955
2010
2122
4978
1956
2011
2123
4979
1957
2012
2124
4980
1958
2013
2125
4981
1959
2014
2126
4982
2015
2127
4983
1961
2016
2128
1962
2017
2129
1963
2018
2130
1964
2019
2131
1965
2020
2132
1966
2021
2133
1967
2022
2134
1968
2023
2135
1969
2024
2136
1970
2025
2137
1971
2026
2138
1972
2027
2139
1973
2028
2140
1974
2029
2141
1975
2030
2142
1976
2031
2143
1977
2032
2144
1978
2033
2145
1979
2034
2146
1980
2035
2147
1981
2036
2148
1982
2037
2149
1983
2038
2150
1984
2039
2151
1985
2040
2152
1986
2041
2153
1987
2042
2154
1988
2043
2155
1989
2044
2156
1990
2045
2157
1991
2046
2158
1992
2047
2159
1993
2048
2160
1994
2049
2161
1995
2050
2162
1996
2051
2163
1997
2052
2164
1998
2053
2165
1999
2054
2166
2000
2055
2167
2001
2056
2168
2002
2057
2169
2003
2058
2170
2004
2059
2171
2005
2060
2172
2006
2061
2173
2007
2062
2174
2008
2063
2175
2009
2064
2176
2010
2065
2177
2011
2066
2178
2012
2067
2179
2013
2068
2180
2014
2069
2181
2015
2070
2182
2071
2183
2017
2184
2018
2185
2019
2186
2020
2187
2021
2188
2022
2189
2023
2190
2024
2191
2025
2192
2026
2193
2027
2194
2028
2195
2029
2196
2030
2197
2031
2198
2032
2199
2033
2200
2034
2201
2035
2202
2036
2203
2037
2204
2038
2205
2039
2206
2040
2207
2041
2208
2042
2209
2043
2210
2044
2211
2045
2212
2046
2213
2047
2214
2048
2215
2049
2216
2050
2217
2051
2218
2052
2219
2053
2220
2054
2221
2055
2222
2056
2223
2057
2224
2058
2225
2059
2226
2060
2227
2061
2228
2062
2229
2063
2230
2064
2231
2065
2232
2066
2233
2067
2234
2068
2235
2069
2236
2070
2237
2071
2238
2239
2073
2128
2800
4984
2074
2129
2801
4985
2075
2130
2802
4986
2076
2131
2803
4987
2077
2132
2804
4988
2078
2133
2805
4989
2079
2134
2806
4990
2080
2135
2807
4991
2081
2136
2808
4992
2082
2137
2809
4993
2083
2138
2810
4994
2084
2139
2811
4995
2085
2140
2812
4996
2086
2141
2813
4997
2087
2142
2814
4998
2088
2143
2815
4999
2089
2144
2816
5000
2090
2145
2817
5001
2091
2146
2818
5002
2092
2147
2819
5003
2093
2148
2820
5004
2094
2149
2821
5005
2095
2150
2822
5006
2096
2151
2823
5007
2097
2152
2824
5008
2098
2153
2825
5009
2099
2154
2826
5010
2100
2155
2827
5011
2101
2156
2828
5012
2102
2157
2829
5013
2103
2158
2830
5014
2104
2159
2831
5015
2105
2160
2832
5016
2106
2161
2833
5017
2107
2162
2834
5018
2108
2163
2835
5019
2109
2164
2836
5020
2110
2165
2837
5021
2111
2166
2838
5022
2112
2167
2839
5023
2113
2168
2840
5024
2114
2169
2841
5025
2115
2170
2842
5026
2116
2171
2843
5027
2117
2172
2844
5028
2118
2173
2845
5029
2119
2174
2846
5030
2120
2175
2847
5031
2121
2176
2848
5032
2122
2177
2849
5033
2123
2178
2850
5034
2124
2179
2851
5035
2125
2180
2852
5036
2126
2181
2853
5037
2127
2182
2854
5038
2183
2855
5039
2129
2184
2520
2130
2185
2521
2131
2186
2522
2132
2187
2523
2133
2188
2524
2134
2189
2525
2135
2190
2526
2136
2191
2527
2137
2192
2528
2138
2193
2529
2139
2194
2530
2140
2195
2531
2141
2196
2532
2142
2197
2533
2143
2198
2534
2144
2199
2535
2145
2200
2536
2146
2201
2537
2147
2202
2538
2148
2203
2539
2149
2204
2540
2150
2205
2541
2151
2206
2542
2152
2207
2543
2153
2208
2544
2154
2209
2545
2155
2210
2546
2156
2211
2547
2157
2212
2548
2158
2213
2549
2159
2214
2550
2160
2215
2551
2161
2216
2552
2162
2217
2553
2163
2218
2554
2164
2219
2555
2165
2220
2556
2166
2221
2557
2167
2222
2558
2168
2223
2559
2169
2224
2560
2170
2225
2561
2171
2226
2562
2172
2227
2563
2173
2228
2564
2174
2229
2565
2175
2230
2566
2176
2231
2567
2177
2232
2568
2178
2233
2569
2179
2234
2570
2180
2235
2571
2181
2236
2572
2182
2237
2573
2183
2238
2574
2239
2575
2185
2240
2186
2241
2187
2242
2188
2243
2189
2244
2190
2245
2191
2246
2192
2247
2193
2248
2194
2249
2195
2250
2196
2251
2197
2252
2198
2253
2199
2254
2200
2255
2201
2256
2202
2257
2203
2258
2204
2259
2205
2260
2206
2261
2207
2262
2208
2263
2209
2264
2210
2265
2211
2266
2212
2267
2213
2268
2214
2269
2215
2270
2216
2271
2217
2272
2218
2273
2219
2274
2220
2275
2221
2276
2222
2277
2223
2278
2224
2279
2225
2280
2226
2281
2227
2282
2228
2283
2229
2284
2230
2285
2231
2286
2232
2287
2233
2288
2234
2289
2235
2290
2236
2291
2237
2292
2238
2293
2239
2294
2295
2241
2296
2520
2242
2297
2521
2243
2298
2522
2244
2299
2523
2245
2300
2524
2246
2301
2525
2247
2302
2526
2248
2303
2527
2249
2304
2528
2250
2305
2529
2251
2306
2530
2252
2307
2531
2253
2308
2532
2254
2309
2533
2255
2310
2534
2256
2311
2535
2257
2312
2536
2258
2313
2537
2259
2314
2538
2260
2315
2539
2261
2316
2540
2262
2317
2541
2263
2318
2542
2264
2319
2543
2265
2320
2544
2266
2321
2545
2267
2322
2546
2268
2323
2547
2269
2324
2548
2270
2325
2549
2271
2326
2550
2272
2327
2551
2273
2328
2552
2274
2329
2553
2275
2330
2554
2276
2331
2555
2277
2332
2556
2278
2333
2557
2279
2334
2558
2280
2335
2559
2281
2336
2560
2282
2337
2561
2283
2338
2562
2284
2339
2563
2285
2340
2564
2286
2341
2565
2287
2342
2566
2288
2343
2567
2289
2344
2568
2290
2345
2569
2291
2346
2570
2292
2347
2571
2293
2348
2572
2294
2349
2573
2295
2350
2574
2351
2575
2297
2352
2576
2298
2353
2577
2299
2354
2578
2300
2355
2579
2301
2356
2580
2302
2357
2581
2303
2358
2582
2304
2359
2583
2305
2360
2584
2306
2361
2585
2307
2362
2586
2308
2363
2587
2309
2364
2588
2310
2365
2589
2311
2366
2590
2312
2367
2591
2313
2368
2592
2314
2369
2593
2315
2370
2594
2316
2371
2595
2317
2372
2596
2318
2373
2597
2319
2374
2598
2320
2375
2599
2321
2376
2600
2322
2377
2601
2323
2378
2602
2324
2379
2603
2325
2380
2604
2326
2381
2605
2327
2382
2606
2328
2383
2607
2329
2384
2608
2330
2385
2609
2331
2386
2610
2332
2387
2611
2333
2388
2612
2334
2389
2613
2335
2390
2614
2336
2391
2615
2337
2392
2616
2338
2393
2617
2339
2394
2618
2340
2395
2619
2341
2396
2620
2342
2397
2621
2343
2398
2622
2344
2399
2623
2345
2400
2624
2346
2401
2625
2347
2402
2626
2348
2403
2627
2349
2404
2628
2350
2405
2629
2351
2406
2630
2407
2631
2353
2408
2632
2354
2409
2633
2355
2410
2634
2356
2411
2635
2357
2412
2636
2358
2413
2637
2359
2414
2638
2360
2415
2639
2361
2416
2640
2362
2417
2641
2363
2418
2642
2364
2419
2643
2365
2420
2644
2366
2421
2645
2367
2422
2646
2368
2423
2647
2369
2424
2648
2370
2425
2649
2371
2426
2650
2372
2427
2651
2373
2428
2652
2374
2429
2653
2375
2430
2654
2376
2431
2655
2377
2432
2656
2378
2433
2657
2379
2434
2658
2380
2435
2659
2381
2436
2660
2382
2437
2661
2383
2438
2662
2384
2439
2663
2385
2440
2664
2386
2441
2665
2387
2442
2666
2388
2443
2667
2389
2444
2668
2390
2445
2669
2391
2446
2670
2392
2447
2671
2393
2448
2672
2394
2449
2673
2395
2450
2674
2396
2451
2675
2397
2452
2676
2398
2453
2677
2399
2454
2678
2400
2455
2679
2401
2456
2680
2402
2457
2681
2403
2458
2682
2404
2459
2683
2405
2460
2684
2406
2461
2685
2407
2462
2686
2463
2687
2409
2464
2688
2410
2465
2689
2411
2466
2690
2412
2467
2691
2413
2468
2692
2414
2469
2693
2415
2470
2694
2416
2471
2695
2417
2472
2696
2418
2473
2697
2419
2474
2698
2420
2475
2699
2421
2476
2700
2422
2477
2701
2423
2478
2702
2424
2479
2703
2425
2480
2704
2426
2481
2705
2427
2482
2706
2428
2483
2707
2429
2484
2708
2430
2485
2709
2431
2486
2710
2432
2487
2711
2433
2488
2712
2434
2489
2713
2435
2490
2714
2436
2491
2715
2437
2492
2716
2438
2493
2717
2439
2494
2718
2440
2495
2719
2441
2496
2720
2442
2497
2721
2443
2498
2722
2444
2499
2723
2445
2500
2724
2446
2501
2725
2447
2502
2726
2448
2503
2727
2449
2504
2728
2450
2505
2729
2451
2506
2730
2452
2507
2731
2453
2508
2732
2454
2509
2733
2455
2510
2734
2456
2511
2735
2457
2512
2736
2458
2513
2737
2459
2514
2738
2460
2515
2739
2461
2516
2740
2462
2517
2741
2463
2518
2742
2519
2743
2465
2744
3080
2466
2745
3081
2467
2746
3082
2468
2747
3083
2469
2748
3084
2470
2749
3085
2471
2750
3086
2472
2751
3087
2473
2752
3088
2474
2753
3089
2475
2754
3090
2476
2755
3091
2477
2756
3092
2478
2757
3093
2479
2758
3094
2480
2759
3095
2481
2760
3096
2482
2761
3097
2483
2762
3098
2484
2763
3099
2485
2764
3100
2486
2765
3101
2487
2766
3102
2488
2767
3103
2489
2768
3104
2490
2769
3105
2491
2770
3106
2492
2771
3107
2493
2772
3108
2494
2773
3109
2495
2774
3110
2496
2775
3111
2497
2776
3112
2498
2777
3113
2499
2778
3114
2500
2779
3115
2501
2780
3116
2502
2781
3117
2503
2782
3118
2504
2783
3119
2505
2784
3120
2506
2785
3121
2507
2786
3122
2508
2787
3123
2509
2788
3124
2510
2789
3125
2511
2790
3126
2512
2791
3127
2513
2792
3128
2514
2793
3129
2515
2794
3130
2516
2795
3131
2517
2796
3132
2518
2797
3133
2519
2798
3134
2799
3135
2521
2576
2800
2522
2577
2801
2523
2578
2802
2524
2579
2803
2525
2580
2804
2526
2581
2805
2527
2582
2806
2528
2583
2807
2529
2584
2808
2530
2585
2809
2531
2586
2810
2532
2587
2811
2533
2588
2812
2534
2589
2813
2535
2590
2814
2536
2591
2815
2537
2592
2816
2538
2593
2817
2539
2594
2818
2540
2595
2819
2541
2596
2820
2542
2597
2821
2543
2598
2822
2544
2599
2823
2545
2600
2824
2546
2601
2825
2547
2602
2826
2548
2603
2827
2549
2604
2828
2550
2605
2829
2551
2606
2830
2552
2607
2831
2553
2608
2832
2554
2609
2833
2555
2610
2834
2556
2611
2835
2557
2612
2836
2558
2613
2837
2559
2614
2838
2560
2615
2839
2561
2616
2840
2562
2617
2841
2563
2618
2842
2564
2619
2843
2565
2620
2844
2566
2621
2845
2567
2622
2846
2568
2623
2847
2569
2624
2848
2570
2625
2849
2571
2626
2850
2572
2627
2851
2573
2628
2852
2574
2629
2853
2575
2630
2854
2631
2855
2577
2632
2856
2578
2633
2857
2579
2634
2858
2580
2635
2859
2581
2636
2860
2582
2637
2861
2583
2638
2862
2584
2639
2863
2585
2640
2864
2586
2641
2865
2587
2642
2866
2588
2643
2867
2589
2644
2868
2590
2645
2869
2591
2646
2870
2592
2647
2871
2593
2648
2872
2594
2649
2873
2595
2650
2874
2596
2651
2875
2597
2652
2876
2598
2653
2877
2599
2654
2878
2600
2655
2879
2601
2656
2880
2602
2657
2881
2603
2658
2882
2604
2659
2883
2605
2660
2884
2606
2661
2885
2607
2662
2886
2608
2663
2887
2609
2664
2888
2610
2665
2889
2611
2666
2890
2612
2667
2891
2613
2668
2892
2614
2669
2893
2615
2670
2894
2616
2671
2895
2617
2672
2896
2618
2673
2897
2619
2674
2898
2620
2675
2899
2621
2676
2900
2622
2677
2901
2623
2678
2902
2624
2679
2903
2625
2680
2904
2626
2681
2905
2627
2682
2906
2628
2683
2907
2629
2684
2908
2630
2685
2909
2631
2686
2910
2687
2911
2633
2688
2912
2634
2689
2913
2635
2690
2914
2636
2691
2915
2637
2692
2916
2638
2693
2917
2639
2694
2918
2640
2695
2919
2641
2696
2920
2642
2697
2921
2643
2698
2922
2644
2699
2923
2645
2700
2924
2646
2701
2925
2647
2702
2926
2648
2703
2927
2649
2704
2928
2650
2705
2929
2651
2706
2930
2652
2707
2931
2653
2708
2932
2654
2709
2933
2655
2710
2934
2656
2711
2935
2657
2712
2936
2658
2713
2937
2659
2714
2938
2660
2715
2939
2661
2716
2940
2662
2717
2941
2663
2718
2942
2664
2719
2943
2665
2720
2944
2666
2721
2945
2667
2722
2946
2668
2723
2947
2669
2724
2948
2670
2725
2949
2671
2726
2950
2672
2727
2951
2673
2728
2952
2674
2729
2953
2675
2730
2954
2676
2731
2955
2677
2732
2956
2678
2733
2957
2679
2734
2958
2680
2735
2959
2681
2736
2960
2682
2737
2961
2683
2738
2962
2684
2739
2963
2685
2740
2964
2686
2741
2965
2687
2742
2966
2743
2967
2689
2744
2968
2690
2745
2969
2691
2746
2970
2692
2747
2971
2693
2748
2972
2694
2749
2973
2695
2750
2974
2696
2751
2975
2697
2752
2976
2698
2753
2977
2699
2754
2978
2700
2755
2979
2701
2756
2980
2702
2757
2981
2703
2758
2982
2704
2759
2983
2705
2760
2984
2706
2761
2985
2707
2762
2986
2708
2763
2987
2709
2764
2988
2710
2765
2989
2711
2766
2990
2712
2767
2991
2713
2768
2992
2714
2769
2993
2715
2770
2994
2716
2771
2995
2717
2772
2996
2718
2773
2997
2719
2774
2998
2720
2775
2999
2721
2776
3000
2722
2777
3001
2723
2778
3002
2724
2779
3003
2725
2780
3004
2726
2781
3005
2727
2782
3006
2728
2783
3007
2729
2784
3008
2730
2785
3009
2731
2786
3010
2732
2787
3011
2733
2788
3012
2734
2789
3013
2735
2790
3014
2736
2791
3015
2737
2792
3016
2738
2793
3017
2739
2794
3018
2740
2795
3019
2741
2796
3020
2742
2797
3021
2743
2798
3022
2799
3023
2745
3024
3136
2746
3025
3137
2747
3026
3138
2748
3027
3139
2749
3028
3140
2750
3029
3141
2751
3030
3142
2752
3031
3143
2753
3032
3144
2754
3033
3145
2755
3034
3146
2756
3035
3147
2757
3036
3148
2758
3037
3149
2759
3038
3150
2760
3039
3151
2761
3040
3152
2762
3041
3153
2763
3042
3154
2764
3043
3155
2765
3044
3156
2766
3045
3157
2767
3046
3158
2768
3047
3159
2769
3048
3160
2770
3049
3161
2771
3050
3162
2772
3051
3163
2773
3052
3164
2774
3053
3165
2775
3054
3166
2776
3055
3167
2777
3056
3168
2778
3057
3169
2779
3058
3170
2780
3059
3171
2781
3060
3172
2782
3061
3173
2783
3062
3174
2784
3063
3175
2785
3064
3176
2786
3065
3177
2787
3066
3178
2788
3067
3179
2789
3068
3180
2790
3069
3181
2791
3070
3182
2792
3071
3183
2793
3072
3184
2794
3073
3185
2795
3074
3186
2796
3075
3187
2797
3076
3188
2798
3077
3189
2799
3078
3190
3079
3191
2801
2856
5040
2802
2857
5041
2803
2858
5042
2804
2859
5043
2805
2860
5044
2806
2861
5045
2807
2862
5046
2808
2863
5047
2809
2864
5048
2810
2865
5049
2811
2866
5050
2812
2867
5051
2813
2868
5052
2814
2869
5053
2815
2870
5054
2816
2871
5055
2817
2872
5056
2818
2873
5057
2819
2874
5058
2820
2875
5059
2821
2876
5060
2822
2877
5061
2823
2878
5062
2824
2879
5063
2825
2880
5064
2826
2881
5065
2827
2882
5066
2828
2883
5067
2829
2884
5068
2830
2885
5069
2831
2886
5070
2832
2887
5071
2833
2888
5072
2834
2889
5073
2835
2890
5074
2836
2891
5075
2837
2892
5076
2838
2893
5077
2839
2894
5078
2840
2895
5079
2841
2896
5080
2842
2897
5081
2843
2898
5082
2844
2899
5083
2845
2900
5084
2846
2901
5085
2847
2902
5086
2848
2903
5087
2849
2904
5088
2850
2905
5089
2851
2906
5090
2852
2907
5091
2853
2908
5092
2854
2909
5093
2855
2910
5094
2911
5095
2857
2912
5096
2858
2913
5097
2859
2914
5098
2860
2915
5099
2861
2916
5100
2862
2917
5101
2863
2918
5102
2864
2919
5103
2865
2920
5104
2866
2921
5105
2867
2922
5106
2868
2923
5107
2869
2924
5108
2870
2925
5109
2871
2926
5110
2872
2927
5111
2873
2928
5112
2874
2929
5113
2875
2930
5114
2876
2931
5115
2877
2932
5116
2878
2933
5117
2879
2934
5118
2880
2935
5119
2881
2936
5120
2882
2937
5121
2883
2938
5122
2884
2939
5123
2885
2940
5124
2886
2941
5125
2887
2942
5126
2888
2943
5127
2889
2944
5128
2890
2945
5129
2891
2946
5130
2892
2947
5131
2893
2948
5132
2894
2949
5133
2895
2950
5134
2896
2951
5135
2897
2952
5136
2898
2953
5137
2899
2954
5138
2900
2955
5139
2901
2956
5140
2902
2957
5141
2903
2958
5142
2904
2959
5143
2905
2960
5144
2906
2961
5145
2907
2962
5146
2908
2963
5147
2909
2964
5148
2910
2965
5149
2911
2966
5150
2967
5151
2913
2968
5152
2914
2969
5153
2915
2970
5154
2916
2971
5155
2917
2972
5156
2918
2973
5157
2919
2974
5158
2920
2975
5159
2921
2976
5160
2922
2977
5161
2923
2978
5162
2924
2979
5163
2925
2980
5164
2926
2981
5165
2927
2982
5166
2928
2983
5167
2929
2984
5168
2930
2985
5169
2931
2986
5170
2932
2987
5171
2933
2988
5172
2934
2989
5173
2935
2990
5174
2936
2991
5175
2937
2992
5176
2938
2993
5177
2939
2994
5178
2940
2995
5179
2941
2996
5180
2942
2997
5181
2943
2998
5182
2944
2999
5183
2945
3000
5184
2946
3001
5185
2947
3002
5186
2948
3003
5187
2949
3004
5188
2950
3005
5189
2951
3006
5190
2952
3007
5191
2953
3008
5192
2954
3009
5193
2955
3010
5194
2956
3011
5195
2957
3012
5196
2958
3013
5197
2959
3014
5198
2960
3015
5199
2961
3016
5200
2962
3017
5201
2963
3018
5202
2964
3019
5203
2965
3020
5204
2966
3021
5205
2967
3022
5206
3023
5207
2969
3024
5208
2970
3025
5209
2971
3026
5210
2972
3027
5211
2973
3028
5212
2974
3029
5213
2975
3030
5214
2976
3031
5215
2977
3032
5216
2978
3033
5217
2979
3034
5218
2980
3035
5219
2981
3036
5220
2982
3037
5221
2983
3038
5222
2984
3039
5223
2985
3040
5224
2986
3041
5225
2987
3042
5226
2988
3043
5227
2989
3044
5228
2990
3045
5229
2991
3046
5230
2992
3047
5231
2993
3048
5232
2994
3049
5233
2995
3050
5234
2996
3051
5235
2997
3052
5236
2998
3053
5237
2999
3054
5238
3000
3055
5239
3001
3056
5240
3002
3057
5241
3003
3058
5242
3004
3059
5243
3005
3060
5244
3006
3061
5245
3007
3062
5246
3008
3063
5247
3009
3064
5248
3010
3065
5249
3011
3066
5250
3012
3067
5251
3013
3068
5252
3014
3069
5253
3015
3070
5254
3016
3071
5255
3017
3072
5256
3018
3073
5257
3019
3074
5258
3020
3075
5259
3021
3076
5260
3022
3077
5261
3023
3078
5262
3079
5263
3025
3192
5264
3026
3193
5265
3027
3194
5266
3028
3195
5267
3029
3196
5268
3030
3197
5269
3031
3198
5270
3032
3199
5271
3033
3200
5272
3034
3201
5273
3035
3202
5274
3036
3203
5275
3037
3204
5276
3038
3205
5277
3039
3206
5278
3040
3207
5279
3041
3208
5280
3042
3209
5281
3043
3210
5282
3044
3211
5283
3045
3212
5284
3046
3213
5285
3047
3214
5286
3048
3215
5287
3049
3216
5288
3050
3217
5289
3051
3218
5290
3052
3219
5291
3053
3220
5292
3054
3221
5293
3055
3222
5294
3056
3223
5295
3057
3224
5296
3058
3225
5297
3059
3226
5298
3060
3227
5299
3061
3228
5300
3062
3229
5301
3063
3230
5302
3064
3231
5303
3065
3232
5304
3066
3233
5305
3067
3234
5306
3068
3235
5307
3069
3236
5308
3070
3237
5309
3071
3238
5310
3072
3239
5311
3073
3240
5312
3074
3241
5313
3075
3242
5314
3076
3243
5315
3077
3244
5316
3078
3245
5317
3079
3246
5318
3247
5319
3081
3136
3248
3082
3137
3249
3083
3138
3250
3084
3139
3251
3085
3140
3252
3086
3141
3253
3087
3142
3254
3088
3143
3255
3089
3144
3256
3090
3145
3257
3091
3146
3258
3092
3147
3259
3093
3148
3260
3094
3149
3261
3095
3150
3262
3096
3151
3263
3097
3152
3264
3098
3153
3265
3099
3154
3266
3100
3155
3267
3101
3156
3268
3102
3157
3269
3103
3158
3270
3104
3159
3271
3105
3160
3272
3106
3161
3273
3107
3162
3274
3108
3163
3275
3109
3164
3276
3110
3165
3277
3111
3166
3278
3112
3167
3279
3113
3168
3280
3114
3169
3281
3115
3170
3282
3116
3171
3283
3117
3172
3284
3118
3173
3285
3119
3174
3286
3120
3175
3287
3121
3176
3288
3122
3177
3289
3123
3178
3290
3124
3179
3291
3125
3180
3292
3126
3181
3293
3127
3182
3294
3128
3183
3295
3129
3184
3296
3130
3185
3297
3131
3186
3298
3132
3187
3299
3133
3188
3300
3134
3189
3301
3135
3190
3302
3191
3303
3137
3192
3304
3138
3193
3305
3139
3194
3306
3140
3195
3307
3141
3196
3308
3142
3197
3309
3143
3198
3310
3144
3199
3311
3145
3200
3312
3146
3201
3313
3147
3202
3314
3148
3203
3315
3149
3204
3316
3150
3205
3317
3151
3206
3318
3152
3207
3319
3153
3208
3320
3154
3209
3321
3155
3210
3322
3156
3211
3323
3157
3212
3324
3158
3213
3325
3159
3214
3326
3160
3215
3327
3161
3216
3328
3162
3217
3329
3163
3218
3330
3164
3219
3331
3165
3220
3332
3166
3221
3333
3167
3222
3334
3168
3223
3335
3169
3224
3336
3170
3225
3337
3171
3226
3338
3172
3227
3339
3173
3228
3340
3174
3229
3341
3175
3230
3342
3176
3231
3343
3177
3232
3344
3178
3233
3345
3179
3234
3346
3180
3235
3347
3181
3236
3348
3182
3237
3349
3183
3238
3350
3184
3239
3351
3185
3240
3352
3186
3241
3353
3187
3242
3354
3188
3243
3355
3189
3244
3356
3190
3245
3357
3191
3246
3358
3247
3359
3193
3360
5320
3194
3361
5321
3195
3362
5322
3196
3363
5323
3197
3364
5324
3198
3365
5325
3199
3366
5326
3200
3367
5327
3201
3368
5328
3202
3369
5329
3203
3370
5330
3204
3371
5331
3205
3372
5332
3206
3373
5333
3207
3374
5334
3208
3375
5335
3209
3376
5336
3210
3377
5337
3211
3378
5338
3212
3379
5339
3213
3380
5340
3214
3381
5341
3215
3382
5342
3216
3383
5343
3217
3384
5344
3218
3385
5345
3219
3386
5346
3220
3387
5347
3221
3388
5348
3222
3389
5349
3223
3390
5350
3224
3391
5351
3225
3392
5352
3226
3393
5353
3227
3394
5354
3228
3395
5355
3229
3396
5356
3230
3397
5357
3231
3398
5358
3232
3399
5359
3233
3400
5360
3234
3401
5361
3235
3402
5362
3236
3403
5363
3237
3404
5364
3238
3405
5365
3239
3406
5366
3240
3407
5367
3241
3408
5368
3242
3409
5369
3243
3410
5370
3244
3411
5371
3245
3412
5372
3246
3413
5373
3247
3414
5374
3415
5375
3249
3304
3416
3250
3305
3417
3251
3306
3418
3252
3307
3419
3253
3308
3420
3254
3309
3421
3255
3310
3422
3256
3311
3423
3257
3312
3424
3258
3313
3425
3259
3314
3426
3260
3315
3427
3261
3316
3428
3262
3317
3429
3263
3318
3430
3264
3319
3431
3265
3320
3432
3266
3321
3433
3267
3322
3434
3268
3323
3435
3269
3324
3436
3270
3325
3437
3271
3326
3438
3272
3327
3439
3273
3328
3440
3274
3329
3441
3275
3330
3442
3276
3331
3443
3277
3332
3444
3278
3333
3445
3279
3334
3446
3280
3335
3447
3281
3336
3448
3282
3337
3449
3283
3338
3450
3284
3339
3451
3285
3340
3452
3286
3341
3453
3287
3342
3454
3288
3343
3455
3289
3344
3456
3290
3345
3457
3291
3346
3458
3292
3347
3459
3293
3348
3460
3294
3349
3461
3295
3350
3462
3296
3351
3463
3297
3352
3464
3298
3353
3465
3299
3354
3466
3300
3355
3467
3301
3356
3468
3302
3357
3469
3303
3358
3470
3359
3471
3305
3360
3472
3306
3361
3473
3307
3362
3474
3308
3363
3475
3309
3364
3476
3310
3365
3477
3311
3366
3478
3312
3367
3479
3313
3368
3480
3314
3369
3481
3315
3370
3482
3316
3371
3483
3317
3372
3484
3318
3373
3485
3319
3374
3486
3320
3375
3487
3321
3376
3488
3322
3377
3489
3323
3378
3490
3324
3379
3491
3325
3380
3492
3326
3381
3493
3327
3382
3494
3328
3383
3495
3329
3384
3496
3330
3385
3497
3331
3386
3498
3332
3387
3499
3333
3388
3500
3334
3389
3501
3335
3390
3502
3336
3391
3503
3337
3392
3504
3338
3393
3505
3339
3394
3506
3340
3395
3507
3341
3396
3508
3342
3397
3509
3343
3398
3510
3344
3399
3511
3345
3400
3512
3346
3401
3513
3347
3402
3514
3348
3403
3515
3349
3404
3516
3350
3405
3517
3351
3406
3518
3352
3407
3519
3353
3408
3520
3354
3409
3521
3355
3410
3522
3356
3411
3523
3357
3412
3524
3358
3413
3525
3359
3414
3526
3415
3527
3361
3528
5376
3362
3529
5377
3363
3530
5378
3364
3531
5379
3365
3532
5380
3366
3533
5381
3367
3534
5382
3368
3535
5383
3369
3536
5384
3370
3537
5385
3371
3538
5386
3372
3539
5387
3373
3540
5388
3374
3541
5389
3375
3542
5390
3376
3543
5391
3377
3544
5392
3378
3545
5393
3379
3546
5394
3380
3547
5395
3381
3548
5396
3382
3549
5397
3383
3550
5398
3384
3551
5399
3385
3552
5400
3386
3553
5401
3387
3554
5402
3388
3555
5403
3389
3556
5404
3390
3557
5405
3391
3558
5406
3392
3559
5407
3393
3560
5408
3394
3561
5409
3395
3562
5410
3396
3563
5411
3397
3564
5412
3398
3565
5413
3399
3566
5414
3400
3567
5415
3401
3568
5416
3402
3569
5417
3403
3570
5418
3404
3571
5419
3405
3572
5420
3406
3573
5421
3407
3574
5422
3408
3575
5423
3409
3576
5424
3410
3577
5425
3411
3578
5426
3412
3579
5427
3413
3580
5428
3414
3581
5429
3415
3582
5430
3583
5431
3417
3472
3584
3418
3473
3585
3419
3474
3586
3420
3475
3587
3421
3476
3588
3422
3477
3589
3423
3478
3590
3424
3479
3591
3425
3480
3592
3426
3481
3593
3427
3482
3594
3428
3483
3595
3429
3484
3596
3430
3485
3597
3431
3486
3598
3432
3487
3599
3433
3488
3600
3434
3489
3601
3435
3490
3602
3436
3491
3603
3437
3492
3604
3438
3493
3605
3439
3494
3606
3440
3495
3607
3441
3496
3608
3442
3497
3609
3443
3498
3610
3444
3499
3611
3445
3500
3612
3446
3501
3613
3447
3502
3614
3448
3503
3615
3449
3504
3616
3450
3505
3617
3451
3506
3618
3452
3507
3619
3453
3508
3620
3454
3509
3621
3455
3510
3622
3456
3511
3623
3457
3512
3624
3458
3513
3625
3459
3514
3626
3460
3515
3627
3461
3516
3628
3462
3517
3629
3463
3518
3630
3464
3519
3631
3465
3520
3632
3466
3521
3633
3467
3522
3634
3468
3523
3635
3469
3524
3636
3470
3525
3637
3471
3526
3638
3527
3639
3473
3528
3640
3474
3529
3641
3475
3530
3642
3476
3531
3643
3477
3532
3644
3478
3533
3645
3479
3534
3646
3480
3535
3647
3481
3536
3648
3482
3537
3649
3483
3538
3650
3484
3539
3651
3485
3540
3652
3486
3541
3653
3487
3542
3654
3488
3543
3655
3489
3544
3656
3490
3545
3657
3491
3546
3658
3492
3547
3659
3493
3548
3660
3494
3549
3661
3495
3550
3662
3496
3551
3663
3497
3552
3664
3498
3553
3665
3499
3554
3666
3500
3555
3667
3501
3556
3668
3502
3557
3669
3503
3558
3670
3504
3559
3671
3505
3560
3672
3506
3561
3673
3507
3562
3674
3508
3563
3675
3509
3564
3676
3510
3565
3677
3511
3566
3678
3512
3567
3679
3513
3568
3680
3514
3569
3681
3515
3570
3682
3516
3571
3683
3517
3572
3684
3518
3573
3685
3519
3574
3686
3520
3575
3687
3521
3576
3688
3522
3577
3689
3523
3578
3690
3524
3579
3691
3525
3580
3692
3526
3581
3693
3527
3582
3694
3583
3695
3529
3696
5432
3530
3697
5433
3531
3698
5434
3532
3699
5435
3533
3700
5436
3534
3701
5437
3535
3702
5438
3536
3703
5439
3537
3704
5440
3538
3705
5441
3539
3706
5442
3540
3707
5443
3541
3708
5444
3542
3709
5445
3543
3710
5446
3544
3711
5447
3545
3712
5448
3546
3713
5449
3547
3714
5450
3548
3715
5451
3549
3716
5452
3550
3717
5453
3551
3718
5454
3552
3719
5455
3553
3720
5456
3554
3721
5457
3555
3722
5458
3556
3723
5459
3557
3724
5460
3558
3725
5461
3559
3726
5462
3560
3727
5463
3561
3728
5464
3562
3729
5465
3563
3730
5466
3564
3731
5467
3565
3732
5468
3566
3733
5469
3567
3734
5470
3568
3735
5471
3569
3736
5472
3570
3737
5473
3571
3738
5474
3572
3739
5475
3573
3740
5476
3574
3741
5477
3575
3742
5478
3576
3743
5479
3577
3744
5480
3578
3745
5481
3579
3746
5482
3580
3747
5483
3581
3748
5484
3582
3749
5485
3583
3750
5486
3751
5487
3585
3640
3752
3586
3641
3753
3587
3642
3754
3588
3643
3755
3589
3644
3756
3590
3645
3757
3591
3646
3758
3592
3647
3759
3593
3648
3760
3594
3649
3761
3595
3650
3762
3596
3651
3763
3597
3652
3764
3598
3653
3765
3599
3654
3766
3600
3655
3767
3601
3656
3768
3602
3657
3769
3603
3658
3770
3604
3659
3771
3605
3660
3772
3606
3661
3773
3607
3662
3774
3608
3663
3775
3609
3664
3776
3610
3665
3777
3611
3666
3778
3612
3667
3779
3613
3668
3780
3614
3669
3781
3615
3670
3782
3616
3671
3783
3617
3672
3784
3618
3673
3785
3619
3674
3786
3620
3675
3787
3621
3676
3788
3622
3677
3789
3623
3678
3790
3624
3679
3791
3625
3680
3792
3626
3681
3793
3627
3682
3794
3628
3683
3795
3629
3684
3796
3630
3685
3797
3631
3686
3798
3632
3687
3799
3633
3688
3800
3634
3689
3801
3635
3690
3802
3636
3691
3803
3637
3692
3804
3638
3693
3805
3639
3694
3806
3695
3807
3641
3696
3808
3642
3697
3809
3643
3698
3810
3644
3699
3811
3645
3700
3812
3646
3701
3813
3647
3702
3814
3648
3703
3815
3649
3704
3816
3650
3705
3817
3651
3706
3818
3652
3707
3819
3653
3708
3820
3654
3709
3821
3655
3710
3822
3656
3711
3823
3657
3712
3824
3658
3713
3825
3659
3714
3826
3660
3715
3827
3661
3716
3828
3662
3717
3829
3663
3718
3830
3664
3719
3831
3665
3720
3832
3666
3721
3833
3667
3722
3834
3668
3723
3835
3669
3724
3836
3670
3725
3837
3671
3726
3838
3672
3727
3839
3673
3728
3840
3674
3729
3841
3675
3730
3842
3676
3731
3843
3677
3732
3844
3678
3733
3845
3679
3734
3846
3680
3735
3847
3681
3736
3848
3682
3737
3849
3683
3738
3850
3684
3739
3851
3685
3740
3852
3686
3741
3853
3687
3742
3854
3688
3743
3855
3689
3744
3856
3690
3745
3857
3691
3746
3858
3692
3747
3859
3693
3748
3860
3694
3749
3861
3695
3750
3862
3751
3863
3697
3864
5488
3698
3865
5489
3699
3866
5490
3700
3867
5491
3701
3868
5492
3702
3869
5493
3703
3870
5494
3704
3871
5495
3705
3872
5496
3706
3873
5497
3707
3874
5498
3708
3875
5499
3709
3876
5500
3710
3877
5501
3711
3878
5502
3712
3879
5503
3713
3880
5504
3714
3881
5505
3715
3882
5506
3716
3883
5507
3717
3884
5508
3718
3885
5509
3719
3886
5510
3720
3887
5511
3721
3888
5512
3722
3889
5513
3723
3890
5514
3724
3891
5515
3725
3892
5516
3726
3893
5517
3727
3894
5518
3728
3895
5519
3729
3896
5520
3730
3897
5521
3731
3898
5522
3732
3899
5523
3733
3900
5524
3734
3901
5525
3735
3902
5526
3736
3903
5527
3737
3904
5528
3738
3905
5529
3739
3906
5530
3740
3907
5531
3741
3908
5532
3742
3909
5533
3743
3910
5534
3744
3911
5535
3745
3912
5536
3746
3913
5537
3747
3914
5538
3748
3915
5539
3749
3916
5540
3750
3917
5541
3751
3918
5542
3919
5543
3753
3808
4144
3754
3809
4145
3755
3810
4146
3756
3811
4147
3757
3812
4148
3758
3813
4149
3759
3814
4150
3760
3815
4151
3761
3816
4152
3762
3817
4153
3763
3818
4154
3764
3819
4155
3765
3820
4156
3766
3821
4157
3767
3822
4158
3768
3823
4159
3769
3824
4160
3770
3825
4161
3771
3826
4162
3772
3827
4163
3773
3828
4164
3774
3829
4165
3775
3830
4166
3776
3831
4167
3777
3832
4168
3778
3833
4169
3779
3834
4170
3780
3835
4171
3781
3836
4172
3782
3837
4173
3783
3838
4174
3784
3839
4175
3785
3840
4176
3786
3841
4177
3787
3842
4178
3788
3843
4179
3789
3844
4180
3790
3845
4181
3791
3846
4182
3792
3847
4183
3793
3848
4184
3794
3849
4185
3795
3850
4186
3796
3851
4187
3797
3852
4188
3798
3853
4189
3799
3854
4190
3800
3855
4191
3801
3856
4192
3802
3857
4193
3803
3858
4194
3804
3859
4195
3805
3860
4196
3806
3861
4197
3807
3862
4198
3863
4199
3809
3864
4424
3810
3865
4425
3811
3866
4426
3812
3867
4427
3813
3868
4428
3814
3869
4429
3815
3870
4430
3816
3871
4431
3817
3872
4432
3818
3873
4433
3819
3874
4434
3820
3875
4435
3821
3876
4436
3822
3877
4437
3823
3878
4438
3824
3879
4439
3825
3880
4440
3826
3881
4441
3827
3882
4442
3828
3883
4443
3829
3884
4444
3830
3885
4445
3831
3886
4446
3832
3887
4447
3833
3888
4448
3834
3889
4449
3835
3890
4450
3836
3891
4451
3837
3892
4452
3838
3893
4453
3839
3894
4454
3840
3895
4455
3841
3896
4456
3842
3897
4457
3843
3898
4458
3844
3899
4459
3845
3900
4460
3846
3901
4461
3847
3902
4462
3848
3903
4463
3849
3904
4464
3850
3905
4465
3851
3906
4466
3852
3907
4467
3853
3908
4468
3854
3909
4469
3855
3910
4470
3856
3911
4471
3857
3912
4472
3858
3913
4473
3859
3914
4474
3860
3915
4475
3861
3916
4476
3862
3917
4477
3863
3918
4478
3919
4479
3865
4704
5544
3866
4705
5545
3867
4706
5546
3868
4707
5547
3869
4708
5548
3870
4709
5549
3871
4710
5550
3872
4711
5551
3873
4712
5552
3874
4713
5553
3875
4714
5554
3876
4715
5555
3877
4716
5556
3878
4717
5557
3879
4718
5558
3880
4719
5559
3881
4720
5560
3882
4721
5561
3883
4722
5562
3884
4723
5563
3885
4724
5564
3886
4725
5565
3887
4726
5566
3888
4727
5567
3889
4728
5568
3890
4729
5569
3891
4730
5570
3892
4731
5571
3893
4732
5572
3894
4733
5573
3895
4734
5574
3896
4735
5575
3897
4736
5576
3898
4737
5577
3899
4738
5578
3900
4739
5579
3901
4740
5580
3902
4741
5581
3903
4742
5582
3904
4743
5583
3905
4744
5584
3906
4745
5585
3907
4746
5586
3908
4747
5587
3909
4748
5588
3910
4749
5589
3911
4750
5590
3912
4751
5591
3913
4752
5592
3914
4753
5593
3915
4754
5594
3916
4755
5595
3917
4756
5596
3918
4757
5597
3919
4758
5598
4759
5599
3921
3976
4200
3922
3977
4201
3923
3978
4202
3924
3979
4203
3925
3980
4204
3926
3981
4205
3927
3982
4206
3928
3983
4207
3929
3984
4208
3930
3985
4209
3931
3986
4210
3932
3987
4211
3933
3988
4212
3934
3989
4213
3935
3990
4214
3936
3991
4215
3937
3992
4216
3938
3993
4217
3939
3994
4218
3940
3995
4219
3941
3996
4220
3942
3997
4221
3943
3998
4222
3944
3999
4223
3945
4000
4224
3946
4001
4225
3947
4002
4226
3948
4003
4227
3949
4004
4228
3950
4005
4229
3951
4006
4230
3952
4007
4231
3953
4008
4232
3954
4009
4233
3955
4010
4234
3956
4011
4235
3957
4012
4236
3958
4013
4237
3959
4014
4238
3960
4015
4239
3961
4016
4240
3962
4017
4241
3963
4018
4242
3964
4019
4243
3965
4020
4244
3966
4021
4245
3967
4022
4246
3968
4023
4247
3969
4024
4248
3970
4025
4249
3971
4026
4250
3972
4027
4251
3973
4028
4252
3974
4029
4253
3975
4030
4254
4031
4255
3977
4032
4256
3978
4033
4257
3979
4034
4258
3980
4035
4259
3981
4036
4260
3982
4037
4261
3983
4038
4262
3984
4039
4263
3985
4040
4264
3986
4041
4265
3987
4042
4266
3988
4043
4267
3989
4044
4268
3990
4045
4269
3991
4046
4270
3992
4047
4271
3993
4048
4272
3994
4049
4273
3995
4050
4274
3996
4051
4275
3997
4052
4276
3998
4053
4277
3999
4054
4278
4000
4055
4279
4001
4056
4280
4002
4057
4281
4003
4058
4282
4004
4059
4283
4005
4060
4284
4006
4061
4285
4007
4062
4286
4008
4063
4287
4009
4064
4288
4010
4065
4289
4011
4066
4290
4012
4067
4291
4013
4068
4292
4014
4069
4293
4015
4070
4294
4016
4071
4295
4017
4072
4296
4018
4073
4297
4019
4074
4298
4020
4075
4299
4021
4076
4300
4022
4077
4301
4023
4078
4302
4024
4079
4303
4025
4080
4304
4026
4081
4305
4027
4082
4306
4028
4083
4307
4029
4084
4308
4030
4085
4309
4031
4086
4310
4087
4311
4033
4088
4312
4034
4089
4313
4035
4090
4314
4036
4091
4315
4037
4092
4316
4038
4093
4317
4039
4094
4318
4040
4095
4319
4041
4096
4320
4042
4097
4321
4043
4098
4322
4044
4099
4323
4045
4100
4324
4046
4101
4325
4047
4102
4326
4048
4103
4327
4049
4104
4328
4050
4105
4329
4051
4106
4330
4052
4107
4331
4053
4108
4332
4054
4109
4333
4055
4110
4334
4056
4111
4335
4057
4112
4336
4058
4113
4337
4059
4114
4338
4060
4115
4339
4061
4116
4340
4062
4117
4341
4063
4118
4342
4064
4119
4343
4065
4120
4344
4066
4121
4345
4067
4122
4346
4068
4123
4347
4069
4124
4348
4070
4125
4349
4071
4126
4350
4072
4127
4351
4073
4128
4352
4074
4129
4353
4075
4130
4354
4076
4131
4355
4077
4132
4356
4078
4133
4357
4079
4134
4358
4080
4135
4359
4081
4136
4360
4082
4137
4361
4083
4138
4362
4084
4139
4363
4085
4140
4364
4086
4141
4365
4087
4142
4366
4143
4367
4089
4144
4368
4090
4145
4369
4091
4146
4370
4092
4147
4371
4093
4148
4372
4094
4149
4373
4095
4150
4374
4096
4151
4375
4097
4152
4376
4098
4153
4377
4099
4154
4378
4100
4155
4379
4101
4156
4380
4102
4157
4381
4103
4158
4382
4104
4159
4383
4105
4160
4384
4106
4161
4385
4107
4162
4386
4108
4163
4387
4109
4164
4388
4110
4165
4389
4111
4166
4390
4112
4167
4391
4113
4168
4392
4114
4169
4393
4115
4170
4394
4116
4171
4395
4117
4172
4396
4118
4173
4397
4119
4174
4398
4120
4175
4399
4121
4176
4400
4122
4177
4401
4123
4178
4402
4124
4179
4403
4125
4180
4404
4126
4181
4405
4127
4182
4406
4128
4183
4407
4129
4184
4408
4130
4185
4409
4131
4186
4410
4132
4187
4411
4133
4188
4412
4134
4189
4413
4135
4190
4414
4136
4191
4415
4137
4192
4416
4138
4193
4417
4139
4194
4418
4140
4195
4419
4141
4196
4420
4142
4197
4421
4143
4198
4422
4199
4423
4145
4424
4146
4425
4147
4426
4148
4427
4149
4428
4150
4429
4151
4430
4152
4431
4153
4432
4154
4433
4155
4434
4156
4435
4157
4436
4158
4437
4159
4438
4160
4439
4161
4440
4162
4441
4163
4442
4164
4443
4165
4444
4166
4445
4167
4446
4168
4447
4169
4448
4170
4449
4171
4450
4172
4451
4173
4452
4174
4453
4175
4454
4176
4455
4177
4456
4178
4457
4179
4458
4180
4459
4181
4460
4182
4461
4183
4462
4184
4463
4185
4464
4186
4465
4187
4466
4188
4467
4189
4468
4190
4469
4191
4470
4192
4471
4193
4472
4194
4473
4195
4474
4196
4475
4197
4476
4198
4477
4199
4478
4479
4201
4256
4480
4202
4257
4481
4203
4258
4482
4204
4259
4483
4205
4260
4484
4206
4261
4485
4207
4262
4486
4208
4263
4487
4209
4264
4488
4210
4265
4489
4211
4266
4490
4212
4267
4491
4213
4268
4492
4214
4269
4493
4215
4270
4494
4216
4271
4495
4217
4272
4496
4218
4273
4497
4219
4274
4498
4220
4275
4499
4221
4276
4500
4222
4277
4501
4223
4278
4502
4224
4279
4503
4225
4280
4504
4226
4281
4505
4227
4282
4506
4228
4283
4507
4229
4284
4508
4230
4285
4509
4231
4286
4510
4232
4287
4511
4233
4288
4512
4234
4289
4513
4235
4290
4514
4236
4291
4515
4237
4292
4516
4238
4293
4517
4239
4294
4518
4240
4295
4519
4241
4296
4520
4242
4297
4521
4243
4298
4522
4244
4299
4523
4245
4300
4524
4246
4301
4525
4247
4302
4526
4248
4303
4527
4249
4304
4528
4250
4305
4529
4251
4306
4530
4252
4307
4531
4253
4308
4532
4254
4309
4533
4255
4310
4534
4311
4535
4257
4312
4536
4258
4313
4537
4259
4314
4538
4260
4315
4539
4261
4316
4540
4262
4317
4541
4263
4318
4542
4264
4319
4543
4265
4320
4544
4266
4321
4545
4267
4322
4546
4268
4323
4547
4269
4324
4548
4270
4325
4549
4271
4326
4550
4272
4327
4551
4273
4328
4552
4274
4329
4553
4275
4330
4554
4276
4331
4555
4277
4332
4556
4278
4333
4557
4279
4334
4558
4280
4335
4559
4281
4336
4560
4282
4337
4561
4283
4338
4562
4284
4339
4563
4285
4340
4564
4286
4341
4565
4287
4342
4566
4288
4343
4567
4289
4344
4568
4290
4345
4569
4291
4346
4570
4292
4347
4571
4293
4348
4572
4294
4349
4573
4295
4350
4574
4296
4351
4575
4297
4352
4576
4298
4353
4577
4299
4354
4578
4300
4355
4579
4301
4356
4580
4302
4357
4581
4303
4358
4582
4304
4359
4583
4305
4360
4584
4306
4361
4585
4307
4362
4586
4308
4363
4587
4309
4364
4588
4310
4365
4589
4311
4366
4590
4367
4591
4313
4368
4592
4314
4369
4593
4315
4370
4594
4316
4371
4595
4317
4372
4596
4318
4373
4597
4319
4374
4598
4320
4375
4599
4321
4376
4600
4322
4377
4601
4323
4378
4602
4324
4379
4603
4325
4380
4604
4326
4381
4605
4327
4382
4606
4328
4383
4607
4329
4384
4608
4330
4385
4609
4331
4386
4610
4332
4387
4611
4333
4388
4612
4334
4389
4613
4335
4390
4614
4336
4391
4615
4337
4392
4616
4338
4393
4617
4339
4394
4618
4340
4395
4619
4341
4396
4620
4342
4397
4621
4343
4398
4622
4344
4399
4623
4345
4400
4624
4346
4401
4625
4347
4402
4626
4348
4403
4627
4349
4404
4628
4350
4405
4629
4351
4406
4630
4352
4407
4631
4353
4408
4632
4354
4409
4633
4355
4410
4634
4356
4411
4635
4357
4412
4636
4358
4413
4637
4359
4414
4638
4360
4415
4639
4361
4416
4640
4362
4417
4641
4363
4418
4642
4364
4419
4643
4365
4420
4644
4366
4421
4645
4367
4422
4646
4423
4647
4369
4424
4648
4370
4425
4649
4371
4426
4650
4372
4427
4651
4373
4428
4652
4374
4429
4653
4375
4430
4654
4376
4431
4655
4377
4432
4656
4378
4433
4657
4379
4434
4658
4380
4435
4659
4381
4436
4660
4382
4437
4661
4383
4438
4662
4384
4439
4663
4385
4440
4664
4386
4441
4665
4387
4442
4666
4388
4443
4667
4389
4444
4668
4390
4445
4669
4391
4446
4670
4392
4447
4671
4393
4448
4672
4394
4449
4673
4395
4450
4674
4396
4451
4675
4397
4452
4676
4398
4453
4677
4399
4454
4678
4400
4455
4679
4401
4456
4680
4402
4457
4681
4403
4458
4682
4404
4459
4683
4405
4460
4684
4406
4461
4685
4407
4462
4686
4408
4463
4687
4409
4464
4688
4410
4465
4689
4411
4466
4690
4412
4467
4691
4413
4468
4692
4414
4469
4693
4415
4470
4694
4416
4471
4695
4417
4472
4696
4418
4473
4697
4419
4474
4698
4420
4475
4699
4421
4476
4700
4422
4477
4701
4423
4478
4702
4479
4703
4425
4704
4426
4705
4427
4706
4428
4707
4429
4708
4430
4709
4431
4710
4432
4711
4433
4712
4434
4713
4435
4714
4436
4715
4437
4716
4438
4717
4439
4718
4440
4719
4441
4720
4442
4721
4443
4722
4444
4723
4445
4724
4446
4725
4447
4726
4448
4727
4449
4728
4450
4729
4451
4730
4452
4731
4453
4732
4454
4733
4455
4734
4456
4735
4457
4736
4458
4737
4459
4738
4460
4739
4461
4740
4462
4741
4463
4742
4464
4743
4465
4744
4466
4745
4467
4746
4468
4747
4469
4748
4470
4749
4471
4750
4472
4751
4473
4752
4474
4753
4475
4754
4476
4755
4477
4756
4478
4757
4479
4758
4759
4481
4536
5824
4482
4537
5825
4483
4538
5826
4484
4539
5827
4485
4540
5828
4486
4541
5829
4487
4542
5830
4488
4543
5831
4489
4544
5832
4490
4545
5833
4491
4546
5834
4492
4547
5835
4493
4548
5836
4494
4549
5837
4495
4550
5838
4496
4551
5839
4497
4552
5840
4498
4553
5841
4499
4554
5842
4500
4555
5843
4501
4556
5844
4502
4557
5845
4503
4558
5846
4504
4559
5847
4505
4560
5848
4506
4561
5849
4507
4562
5850
4508
4563
5851
4509
4564
5852
4510
4565
5853
4511
4566
5854
4512
4567
5855
4513
4568
5856
4514
4569
5857
4515
4570
5858
4516
4571
5859
4517
4572
5860
4518
4573
5861
4519
4574
5862
4520
4575
5863
4521
4576
5864
4522
4577
5865
4523
4578
5866
4524
4579
5867
4525
4580
5868
4526
4581
5869
4527
4582
5870
4528
4583
5871
4529
4584
5872
4530
4585
5873
4531
4586
5874
4532
4587
5875
4533
4588
5876
4534
4589
5877
4535
4590
5878
4591
5879
4537
4592
5768
4538
4593
5769
4539
4594
5770
4540
4595
5771
4541
4596
5772
4542
4597
5773
4543
4598
5774
4544
4599
5775
4545
4600
5776
4546
4601
5777
4547
4602
5778
4548
4603
5779
4549
4604
5780
4550
4605
5781
4551
4606
5782
4552
4607
5783
4553
4608
5784
4554
4609
5785
4555
4610
5786
4556
4611
5787
4557
4612
5788
4558
4613
5789
4559
4614
5790
4560
4615
5791
4561
4616
5792
4562
4617
5793
4563
4618
5794
4564
4619
5795
4565
4620
5796
4566
4621
5797
4567
4622
5798
4568
4623
5799
4569
4624
5800
4570
4625
5801
4571
4626
5802
4572
4627
5803
4573
4628
5804
4574
4629
5805
4575
4630
5806
4576
4631
5807
4577
4632
5808
4578
4633
5809
4579
4634
5810
4580
4635
5811
4581
4636
5812
4582
4637
5813
4583
4638
5814
4584
4639
5815
4585
4640
5816
4586
4641
5817
4587
4642
5818
4588
4643
5819
4589
4644
5820
4590
4645
5821
4591
4646
5822
4647
5823
4593
4648
5712
4594
4649
5713
4595
4650
5714
4596
4651
5715
4597
4652
5716
4598
4653
5717
4599
4654
5718
4600
4655
5719
4601
4656
5720
4602
4657
5721
4603
4658
5722
4604
4659
5723
4605
4660
5724
4606
4661
5725
4607
4662
5726
4608
4663
5727
4609
4664
5728
4610
4665
5729
4611
4666
5730
4612
4667
5731
4613
4668
5732
4614
4669
5733
4615
4670
5734
4616
4671
5735
4617
4672
5736
4618
4673
5737
4619
4674
5738
4620
4675
5739
4621
4676
5740
4622
4677
5741
4623
4678
5742
4624
4679
5743
4625
4680
5744
4626
4681
5745
4627
4682
5746
4628
4683
5747
4629
4684
5748
4630
4685
5749
4631
4686
5750
4632
4687
5751
4633
4688
5752
4634
4689
5753
4635
4690
5754
4636
4691
5755
4637
4692
5756
4638
4693
5757
4639
4694
5758
4640
4695
5759
4641
4696
5760
4642
4697
5761
4643
4698
5762
4644
4699
5763
4645
4700
5764
4646
4701
5765
4647
4702
5766
4703
5767
4649
4704
5656
4650
4705
5657
4651
4706
5658
4652
4707
5659
4653
4708
5660
4654
4709
5661
4655
4710
5662
4656
4711
5663
4657
4712
5664
4658
4713
5665
4659
4714
5666
4660
4715
5667
4661
4716
5668
4662
4717
5669
4663
4718
5670
4664
4719
5671
4665
4720
5672
4666
4721
5673
4667
4722
5674
4668
4723
5675
4669
4724
5676
4670
4725
5677
4671
4726
5678
4672
4727
5679
4673
4728
5680
4674
4729
5681
4675
4730
5682
4676
4731
5683
4677
4732
5684
4678
4733
5685
4679
4734
5686
4680
4735
5687
4681
4736
5688
4682
4737
5689
4683
4738
5690
4684
4739
5691
4685
4740
5692
4686
4741
5693
4687
4742
5694
4688
4743
5695
4689
4744
5696
4690
4745
5697
4691
4746
5698
4692
4747
5699
4693
4748
5700
4694
4749
5701
4695
4750
5702
4696
4751
5703
4697
4752
5704
4698
4753
5705
4699
4754
5706
4700
4755
5707
4701
4756
5708
4702
4757
5709
4703
4758
5710
4759
5711
4705
5600
4706
5601
4707
5602
4708
5603
4709
5604
4710
5605
4711
5606
4712
5607
4713
5608
4714
5609
4715
5610
4716
5611
4717
5612
4718
5613
4719
5614
4720
5615
4721
5616
4722
5617
4723
5618
4724
5619
4725
5620
4726
5621
4727
5622
4728
5623
4729
5624
4730
5625
4731
5626
4732
5627
4733
5628
4734
5629
4735
5630
4736
5631
4737
5632
4738
5633
4739
5634
4740
5635
4741
5636
4742
5637
4743
5638
4744
5639
4745
5640
4746
5641
4747
5642
4748
5643
4749
5644
4750
5645
4751
5646
4752
5647
4753
5648
4754
5649
4755
5650
4756
5651
4757
5652
4758
5653
4759
5654
5655
4761
4816
5824
4762
4817
5825
4763
4818
5826
4764
4819
5827
4765
4820
5828
4766
4821
5829
4767
4822
5830
4768
4823
5831
4769
4824
5832
4770
4825
5833
4771
4826
5834
4772
4827
5835
4773
4828
5836
4774
4829
5837
4775
4830
5838
4776
4831
5839
4777
4832
5840
4778
4833
5841
4779
4834
5842
4780
4835
5843
4781
4836
5844
4782
4837
5845
4783
4838
5846
4784
4839
5847
4785
4840
5848
4786
4841
5849
4787
4842
5850
4788
4843
5851
4789
4844
5852
4790
4845
5853
4791
4846
5854
4792
4847
5855
4793
4848
5856
4794
4849
5857
4795
4850
5858
4796
4851
5859
4797
4852
5860
4798
4853
5861
4799
4854
5862
4800
4855
5863
4801
4856
5864
4802
4857
5865
4803
4858
5866
4804
4859
5867
4805
4860
5868
4806
4861
5869
4807
4862
5870
4808
4863
5871
4809
4864
5872
4810
4865
5873
4811
4866
5874
4812
4867
5875
4813
4868
5876
4814
4869
5877
4815
4870
5878
4871
5879
4817
4872
4818
4873
4819
4874
4820
4875
4821
4876
4822
4877
4823
4878
4824
4879
4825
4880
4826
4881
4827
4882
4828
4883
4829
4884
4830
4885
4831
4886
4832
4887
4833
4888
4834
4889
4835
4890
4836
4891
4837
4892
4838
4893
4839
4894
4840
4895
4841
4896
4842
4897
4843
4898
4844
4899
4845
4900
4846
4901
4847
4902
4848
4903
4849
4904
4850
4905
4851
4906
4852
4907
4853
4908
4854
4909
4855
4910
4856
4911
4857
4912
4858
4913
4859
4914
4860
4915
4861
4916
4862
4917
4863
4918
4864
4919
4865
4920
4866
4921
4867
4922
4868
4923
4869
4924
4870
4925
4871
4926
4927
4873
4928
4874
4929
4875
4930
4876
4931
4877
4932
4878
4933
4879
4934
4880
4935
4881
4936
4882
4937
4883
4938
4884
4939
4885
4940
4886
4941
4887
4942
4888
4943
4889
4944
4890
4945
4891
4946
4892
4947
4893
4948
4894
4949
4895
4950
4896
4951
4897
4952
4898
4953
4899
4954
4900
4955
4901
4956
4902
4957
4903
4958
4904
4959
4905
4960
4906
4961
4907
4962
4908
4963
4909
4964
4910
4965
4911
4966
4912
4967
4913
4968
4914
4969
4915
4970
4916
4971
4917
4972
4918
4973
4919
4974
4920
4975
4921
4976
4922
4977
4923
4978
4924
4979
4925
4980
4926
4981
4927
4982
4983
4929
4984
4930
4985
4931
4986
4932
4987
4933
4988
4934
4989
4935
4990
4936
4991
4937
4992
4938
4993
4939
4994
4940
4995
4941
4996
4942
4997
4943
4998
4944
4999
4945
5000
4946
5001
4947
5002
4948
5003
4949
5004
4950
5005
4951
5006
4952
5007
4953
5008
4954
5009
4955
5010
4956
5011
4957
5012
4958
5013
4959
5014
4960
5015
4961
5016
4962
5017
4963
5018
4964
5019
4965
5020
4966
5021
4967
5022
4968
5023
4969
5024
4970
5025
4971
5026
4972
5027
4973
5028
4974
5029
4975
5030
4976
5031
4977
5032
4978
5033
4979
5034
4980
5035
4981
5036
4982
5037
4983
5038
5039
4985
5040
4986
5041
4987
5042
4988
5043
4989
5044
4990
5045
4991
5046
4992
5047
4993
5048
4994
5049
4995
5050
4996
5051
4997
5052
4998
5053
4999
5054
5000
5055
5001
5056
5002
5057
5003
5058
5004
5059
5005
5060
5006
5061
5007
5062
5008
5063
5009
5064
5010
5065
5011
5066
5012
5067
5013
5068
5014
5069
5015
5070
5016
5071
5017
5072
5018
5073
5019
5074
5020
5075
5021
5076
5022
5077
5023
5078
5024
5079
5025
5080
5026
5081
5027
5082
5028
5083
5029
5084
5030
5085
5031
5086
5032
5087
5033
5088
5034
5089
5035
5090
5036
5091
5037
5092
5038
5093
5039
5094
5095
5041
5096
5042
5097
5043
5098
5044
5099
5045
5100
5046
5101
5047
5102
5048
5103
5049
5104
5050
5105
5051
5106
5052
5107
5053
5108
5054
5109
5055
5110
5056
5111
5057
5112
5058
5113
5059
5114
5060
5115
5061
5116
5062
5117
5063
5118
5064
5119
5065
5120
5066
5121
5067
5122
5068
5123
5069
5124
5070
5125
5071
5126
5072
5127
5073
5128
5074
5129
5075
5130
5076
5131
5077
5132
5078
5133
5079
5134
5080
5135
5081
5136
5082
5137
5083
5138
5084
5139
5085
5140
5086
5141
5087
5142
5088
5143
5089
5144
5090
5145
5091
5146
5092
5147
5093
5148
5094
5149
5095
5150
5151
5097
5152
5098
5153
5099
5154
5100
5155
5101
5156
5102
5157
5103
5158
5104
5159
5105
5160
5106
5161
5107
5162
5108
5163
5109
5164
5110
5165
5111
5166
5112
5167
5113
5168
5114
5169
5115
5170
5116
5171
5117
5172
5118
5173
5119
5174
5120
5175
5121
5176
5122
5177
5123
5178
5124
5179
5125
5180
5126
5181
5127
5182
5128
5183
5129
5184
5130
5185
5131
5186
5132
5187
5133
5188
5134
5189
5135
5190
5136
5191
5137
5192
5138
5193
5139
5194
5140
5195
5141
5196
5142
5197
5143
5198
5144
5199
5145
5200
5146
5201
5147
5202
5148
5203
5149
5204
5150
5205
5151
5206
5207
5153
5208
5154
5209
5155
5210
5156
5211
5157
5212
5158
5213
5159
5214
5160
5215
5161
5216
5162
5217
5163
5218
5164
5219
5165
5220
5166
5221
5167
5222
5168
5223
5169
5224
5170
5225
5171
5226
5172
5227
5173
5228
5174
5229
5175
5230
5176
5231
5177
5232
5178
5233
5179
5234
5180
5235
5181
5236
5182
5237
5183
5238
5184
5239
5185
5240
5186
5241
5187
5242
5188
5243
5189
5244
5190
5245
5191
5246
5192
5247
5193
5248
5194
5249
5195
5250
5196
5251
5197
5252
5198
5253
5199
5254
5200
5255
5201
5256
5202
5257
5203
5258
5204
5259
5205
5260
5206
5261
5207
5262
5263
5209
5264
5210
5265
5211
5266
5212
5267
5213
5268
5214
5269
5215
5270
5216
5271
5217
5272
5218
5273
5219
5274
5220
5275
5221
5276
5222
5277
5223
5278
5224
5279
5225
5280
5226
5281
5227
5282
5228
5283
5229
5284
5230
5285
5231
5286
5232
5287
5233
5288
5234
5289
5235
5290
5236
5291
5237
5292
5238
5293
5239
5294
5240
5295
5241
5296
5242
5297
5243
5298
5244
5299
5245
5300
5246
5301
5247
5302
5248
5303
5249
5304
5250
5305
5251
5306
5252
5307
5253
5308
5254
5309
5255
5310
5256
5311
5257
5312
5258
5313
5259
5314
5260
5315
5261
5316
5262
5317
5263
5318
5319
5265
5320
5266
5321
5267
5322
5268
5323
5269
5324
5270
5325
5271
5326
5272
5327
5273
5328
5274
5329
5275
5330
5276
5331
5277
5332
5278
5333
5279
5334
5280
5335
5281
5336
5282
5337
5283
5338
5284
5339
5285
5340
5286
5341
5287
5342
5288
5343
5289
5344
5290
5345
5291
5346
5292
5347
5293
5348
5294
5349
5295
5350
5296
5351
5297
5352
5298
5353
5299
5354
5300
5355
5301
5356
5302
5357
5303
5358
5304
5359
5305
5360
5306
5361
5307
5362
5308
5363
5309
5364
5310
5365
5311
5366
5312
5367
5313
5368
5314
5369
5315
5370
5316
5371
5317
5372
5318
5373
5319
5374
5375
5321
5376
5322
5377
5323
5378
5324
5379
5325
5380
5326
5381
5327
5382
5328
5383
5329
5384
5330
5385
5331
5386
5332
5387
5333
5388
5334
5389
5335
5390
5336
5391
5337
5392
5338
5393
5339
5394
5340
5395
5341
5396
5342
5397
5343
5398
5344
5399
5345
5400
5346
5401
5347
5402
5348
5403
5349
5404
5350
5405
5351
5406
5352
5407
5353
5408
5354
5409
5355
5410
5356
5411
5357
5412
5358
5413
5359
5414
5360
5415
5361
5416
5362
5417
5363
5418
5364
5419
5365
5420
5366
5421
5367
5422
5368
5423
5369
5424
5370
5425
5371
5426
5372
5427
5373
5428
5374
5429
5375
5430
5431
5377
5432
5378
5433
5379
5434
5380
5435
5381
5436
5382
5437
5383
5438
5384
5439
5385
5440
5386
5441
5387
5442
5388
5443
5389
5444
5390
5445
5391
5446
5392
5447
5393
5448
5394
5449
5395
5450
5396
5451
5397
5452
5398
5453
5399
5454
5400
5455
5401
5456
5402
5457
5403
5458
5404
5459
5405
5460
5406
5461
5407
5462
5408
5463
5409
5464
5410
5465
5411
5466
5412
5467
5413
5468
5414
5469
5415
5470
5416
5471
5417
5472
5418
5473
5419
5474
5420
5475
5421
5476
5422
5477
5423
5478
5424
5479
5425
5480
5426
5481
5427
5482
5428
5483
5429
5484
5430
5485
5431
5486
5487
5433
5488
5434
5489
5435
5490
5436
5491
5437
5492
5438
5493
5439
5494
5440
5495
5441
5496
5442
5497
5443
5498
5444
5499
5445
5500
5446
5501
5447
5502
5448
5503
5449
5504
5450
5505
5451
5506
5452
5507
5453
5508
5454
5509
5455
5510
5456
5511
5457
5512
5458
5513
5459
5514
5460
5515
5461
5516
5462
5517
5463
5518
5464
5519
5465
5520
5466
5521
5467
5522
5468
5523
5469
5524
5470
5525
5471
5526
5472
5527
5473
5528
5474
5529
5475
5530
5476
5531
5477
5532
5478
5533
5479
5534
5480
5535
5481
5536
5482
5537
5483
5538
5484
5539
5485
5540
5486
5541
5487
5542
5543
5489
5544
5490
5545
5491
5546
5492
5547
5493
5548
5494
5549
5495
5550
5496
5551
5497
5552
5498
5553
5499
5554
5500
5555
5501
5556
5502
5557
5503
5558
5504
5559
5505
5560
5506
5561
5507
5562
5508
5563
5509
5564
5510
5565
5511
5566
5512
5567
5513
5568
5514
5569
5515
5570
5516
5571
5517
5572
5518
5573
5519
5574
5520
5575
5521
5576
5522
5577
5523
5578
5524
5579
5525
5580
5526
5581
5527
5582
5528
5583
5529
5584
5530
5585
5531
5586
5532
5587
5533
5588
5534
5589
5535
5590
5536
5591
5537
5592
5538
5593
5539
5594
5540
5595
5541
5596
5542
5597
5543
5598
5599
5545
5600
5546
5601
5547
5602
5548
5603
5549
5604
5550
5605
5551
5606
5552
5607
5553
5608
5554
5609
5555
5610
5556
5611
5557
5612
5558
5613
5559
5614
5560
5615
5561
5616
5562
5617
5563
5618
5564
5619
5565
5620
5566
5621
5567
5622
5568
5623
5569
5624
5570
5625
5571
5626
5572
5627
5573
5628
5574
5629
5575
5630
5576
5631
5577
5632
5578
5633
5579
5634
5580
5635
5581
5636
5582
5637
5583
5638
5584
5639
5585
5640
5586
5641
5587
5642
5588
5643
5589
5644
5590
5645
5591
5646
5592
5647
5593
5648
5594
5649
5595
5650
5596
5651
5597
5652
5598
5653
5599
5654
5655
5601
5656
5602
5657
5603
5658
5604
5659
5605
5660
5606
5661
5607
5662
5608
5663
5609
5664
5610
5665
5611
5666
5612
5667
5613
5668
5614
5669
5615
5670
5616
5671
5617
5672
5618
5673
5619
5674
5620
5675
5621
5676
5622
5677
5623
5678
5624
5679
5625
5680
5626
5681
5627
5682
5628
5683
5629
5684
5630
5685
5631
5686
5632
5687
5633
5688
5634
5689
5635
5690
5636
5691
5637
5692
5638
5693
5639
5694
5640
5695
5641
5696
5642
5697
5643
5698
5644
5699
5645
5700
5646
5701
5647
5702
5648
5703
5649
5704
5650
5705
5651
5706
5652
5707
5653
5708
5654
5709
5655
5710
5711
5657
5712
5658
5713
5659
5714
5660
5715
5661
5716
5662
5717
5663
5718
5664
5719
5665
5720
5666
5721
5667
5722
5668
5723
5669
5724
5670
5725
5671
5726
5672
5727
5673
5728
5674
5729
5675
5730
5676
5731
5677
5732
5678
5733
5679
5734
5680
5735
5681
5736
5682
5737
5683
5738
5684
5739
5685
5740
5686
5741
5687
5742
5688
5743
5689
5744
5690
5745
5691
5746
5692
5747
5693
5748
5694
5749
5695
5750
5696
5751
5697
5752
5698
5753
5699
5754
5700
5755
5701
5756
5702
5757
5703
5758
5704
5759
5705
5760
5706
5761
5707
5762
5708
5763
5709
5764
5710
5765
5711
5766
5767
5713
5768
5714
5769
5715
5770
5716
5771
5717
5772
5718
5773
5719
5774
5720
5775
5721
5776
5722
5777
5723
5778
5724
5779
5725
5780
5726
5781
5727
5782
5728
5783
5729
5784
5730
5785
5731
5786
5732
5787
5733
5788
5734
5789
5735
5790
5736
5791
5737
5792
5738
5793
5739
5794
5740
5795
5741
5796
5742
5797
5743
5798
5744
5799
5745
5800
5746
5801
5747
5802
5748
5803
5749
5804
5750
5805
5751
5806
5752
5807
5753
5808
5754
5809
5755
5810
5756
5811
5757
5812
5758
5813
5759
5814
5760
5815
5761
5816
5762
5817
5763
5818
5764
5819
5765
5820
5766
5821
5767
5822
5823
5769
5824
5770
5825
5771
5826
5772
5827
5773
5828
5774
5829
5775
5830
5776
5831
5777
5832
5778
5833
5779
5834
5780
5835
5781
5836
5782
5837
5783
5838
5784
5839
5785
5840
5786
5841
5787
5842
5788
5843
5789
5844
5790
5845
5791
5846
5792
5847
5793
5848
5794
5849
5795
5850
5796
5851
5797
5852
5798
5853
5799
5854
5800
5855
5801
5856
5802
5857
5803
5858
5804
5859
5805
5860
5806
5861
5807
5862
5808
5863
5809
5864
5810
5865
5811
5866
5812
5867
5813
5868
5814
5869
5815
5870
5816
5871
5817
5872
5818
5873
5819
5874
5820
5875
5821
5876
5822
5877
5823
5878
5879
5825
5826
5827
5828
5829
5830
5831
5832
5833
5834
5835
5836
5837
5838
5839
5840
5841
5842
5843
5844
5845
5846
5847
5848
5849
5850
5851
5852
5853
5854
5855
5856
5857
5858
5859
5860
5861
5862
5863
5864
5865
5866
5867
5868
5869
5870
5871
5872
5873
5874
5875
5876
5877
5878
5879
)


// ************************************************************************* //
